# Matter power spectrum P(k) at redshift z=0
# for k=1.04775e-05 to 67.6233 h/Mpc,
# number of wavenumbers equal to 246
#    1:k (h/Mpc)              2:P (Mpc/h)^3        
       1.047750691046e-05       5.020963501656e+01 
       1.131335172503e-05       5.407047642111e+01 
       1.221587619537e-05       5.822820276978e+01 
       1.319039970183e-05       6.270562074450e+01 
       1.424266597921e-05       6.752730933019e+01 
       1.537887696968e-05       7.271975624465e+01 
       1.660572937635e-05       7.831146470181e+01 
       1.793045413292e-05       8.433312919709e+01 
       1.936085902198e-05       9.081779945259e+01 
       2.090537469327e-05       9.780107559221e+01 
       2.257310435294e-05       1.053212853006e+02 
       2.437387741694e-05       1.134197320873e+02 
       2.631830744443e-05       1.221408140527e+02 
       2.841785469300e-05       1.315324549785e+02 
       3.068489366414e-05       1.416461582025e+02 
       3.313278603720e-05       1.525374388835e+02 
       3.577595942169e-05       1.642660456453e+02 
       3.862999239199e-05       1.768963426861e+02 
       4.171170630578e-05       1.904975946954e+02 
       4.503926444729e-05       2.051444203760e+02 
       4.863227907969e-05       2.209171374377e+02 
       5.251192703764e-05       2.379022237046e+02 
       5.670107454120e-05       2.561927789830e+02 
       6.122441196689e-05       2.758890471572e+02 
       6.610859936996e-05       2.970989226975e+02 
       7.138242361596e-05       3.199385567832e+02 
       7.707696804727e-05       3.445329736635e+02 
       8.322579568497e-05       3.710167328483e+02 
       8.986514704559e-05       3.995346454214e+02 
       9.703415373875e-05       4.302425400593e+02 
       1.047750691046e-04       4.633080773389e+02 
       1.131335172503e-04       4.989116277610e+02 
       1.221587619537e-04       5.372471950027e+02 
       1.319039970183e-04       5.785234117571e+02 
       1.424266597921e-04       6.229645928402e+02 
       1.537887696968e-04       6.708118473622e+02 
       1.660572937635e-04       7.223242646698e+02 
       1.793045413292e-04       7.777801528344e+02 
       1.936085902198e-04       8.374783558198e+02 
       2.090537469327e-04       9.017396180244e+02 
       2.257310435294e-04       9.709080141205e+02 
       2.437387741694e-04       1.045352431253e+03 
       2.631830744443e-04       1.125468095899e+03 
       2.841785469300e-04       1.211678139510e+03 
       3.068489366414e-04       1.304435187862e+03 
       3.313278603720e-04       1.404222967001e+03 
       3.577595942169e-04       1.511557892917e+03 
       3.862999239199e-04       1.626990657154e+03 
       4.171170630578e-04       1.751107764937e+03 
       4.503926444729e-04       1.884533001142e+03 
       4.863227907969e-04       2.027928827909e+03 
       5.251192703764e-04       2.181997651911e+03 
       5.670107454121e-04       2.347482953613e+03 
       6.122441196689e-04       2.525170213900e+03 
       6.610859936996e-04       2.715887596567e+03 
       7.138242361596e-04       2.920506256272e+03 
       7.707696804727e-04       3.139940148946e+03 
       8.322579568497e-04       3.375145229565e+03 
       8.986514704559e-04       3.627117645249e+03 
       9.703415373875e-04       3.896890834214e+03 
       1.047750691046e-03       4.185531256768e+03 
       1.131335172503e-03       4.494132547043e+03 
       1.221587619537e-03       4.823808080568e+03 
       1.319039970183e-03       5.175681981756e+03 
       1.424266597921e-03       5.550932705222e+03 
       1.537887696968e-03       5.950664147985e+03 
       1.660572937635e-03       6.375946110849e+03 
       1.793045413292e-03       6.827822597459e+03 
       1.936085902198e-03       7.307269563219e+03 
       2.090537469327e-03       7.815169501587e+03 
       2.257310435294e-03       8.352283032380e+03 
       2.437387741694e-03       8.919217260341e+03 
       2.631830744443e-03       9.516391122808e+03 
       2.841785469300e-03       1.014399252982e+04 
       3.068489366414e-03       1.080193675426e+04 
       3.313278603720e-03       1.148981280809e+04 
       3.577595942169e-03       1.220682659465e+04 
       3.862999239199e-03       1.295173325749e+04 
       4.171170630578e-03       1.372276109280e+04 
       4.503926444729e-03       1.451753694571e+04 
       4.863227907969e-03       1.533297944518e+04 
       5.251192703764e-03       1.616532905891e+04 
       5.670107454120e-03       1.700994805626e+04 
       6.122441196689e-03       1.786106198965e+04 
       6.610859936996e-03       1.871192976927e+04 
       7.138242361596e-03       1.955456817430e+04 
       7.707696804727e-03       2.037961086945e+04 
       8.322579568496e-03       2.117622271832e+04 
       8.986514704559e-03       2.193179004927e+04 
       9.703415373875e-03       2.263200967947e+04 
       1.047750691046e-02       2.326058233742e+04 
       1.131335172503e-02       2.379918666724e+04 
       1.221587619537e-02       2.422732839997e+04 
       1.319039970183e-02       2.452258704038e+04 
       1.424266597920e-02       2.466059871390e+04 
       1.537887696964e-02       2.461573092469e+04 
       1.660572937560e-02       2.436140632478e+04 
       1.793045412207e-02       2.387167083519e+04 
       1.936085889642e-02       2.312263284889e+04 
       2.090537351881e-02       2.209469935930e+04 
       2.257309534705e-02       2.077573724501e+04 
       2.437382002240e-02       1.916480343658e+04 
       2.631799943729e-02       1.727632606811e+04 
       2.841644544598e-02       1.514519617315e+04 
       3.067933354524e-02       1.283124671748e+04 
       3.311368469821e-02       1.042379833307e+04 
       3.571840442514e-02       8.041474540354e+03 
       3.847720347390e-02       5.823924670350e+03 
       4.135335537314e-02       3.907350163094e+03 
       4.429361666563e-02       2.387938215704e+03 
       4.724366437916e-02       1.293625119581e+03 
       5.016480834039e-02       5.871087235263e+02 
       5.303989618930e-02       1.927127611631e+02 
       5.586870668205e-02       2.501499880900e+01 
       5.866042679206e-02       5.825618631987e+00 
       6.142798931504e-02       7.070295633713e+01 
       6.418496438662e-02       1.701281101874e+02 
       6.694418832236e-02       2.686127333032e+02 
       6.971731104453e-02       3.432100939660e+02 
       7.251476154108e-02       3.818497368267e+02 
       7.534587669814e-02       3.815946934842e+02 
       7.821907664495e-02       3.467033576314e+02 
       8.114203771084e-02       2.864545742620e+02 
       8.412184533139e-02       2.129229103158e+02 
       8.716512277352e-02       1.386964548815e+02 
       9.027813693913e-02       7.476498655258e+01 
       9.346688429613e-02       2.890299731771e+01 
       9.673716026122e-02       4.583712731853e+00 
       1.000946150608e-01       7.881252036921e-01 
       1.035447986307e-01       1.261735437544e+01 
       1.070931966524e-01       3.267322833370e+01 
       1.107452594180e-01       5.291030657306e+01 
       1.145064248899e-01       6.656961705317e+01 
       1.183821370656e-01       6.971969776999e+01 
       1.223778605591e-01       6.200955202436e+01 
       1.264990921707e-01       4.639880431337e+01 
       1.307513701078e-01       2.794023529018e+01 
       1.351402814485e-01       1.197547503398e+01 
       1.396714683894e-01       2.322265442370e+00 
       1.443506337875e-01       1.077535890087e-01 
       1.491835464900e-01       3.658090503088e+00 
       1.541760469368e-01       9.478357403509e+00 
       1.593340535209e-01       1.389427211751e+01 
       1.646635701934e-01       1.464328262364e+01 
       1.701706958081e-01       1.166140077874e+01 
       1.758616357070e-01       6.754130013082e+00 
       1.817427160581e-01       2.363847527356e+00 
       1.878204014651e-01       1.757150452090e-01 
       1.941013163855e-01       3.317583017023e-01 
       2.005922709060e-01       1.674335357040e+00 
       2.073002914514e-01       2.705812143847e+00 
       2.142326570343e-01       2.628152919944e+00 
       2.213969417044e-01       1.648066488992e+00 
       2.288010639201e-01       5.588192714651e-01 
       2.364533436625e-01       2.709671763003e-02 
       2.443625682390e-01       1.019214319423e-01 
       2.525380678946e-01       3.728357739617e-01 
       2.609898025770e-01       4.571071139038e-01 
       2.697284614969e-01       2.944775962028e-01 
       2.787655775073e-01       8.721702865887e-02 
       2.881136588192e-01       1.165419752319e-03 
       2.977863412019e-01       2.588962575542e-02 
       3.077985646248e-01       5.808947142656e-02 
       3.181667793367e-01       4.531305423684e-02 
       3.289091877084e-01       1.410522612721e-02 
       3.400460298905e-01       1.449811513969e-04 
       3.515999235695e-01       3.471975951203e-03 
       3.635962710278e-01       6.411227710435e-03 
       3.760637505499e-01       3.329674902089e-03 
       3.890349143014e-01       4.181545804987e-04 
       4.025469215929e-01       1.024211668799e-04 
       4.166424455447e-01       3.980975611091e-04 
       4.313708034899e-01       2.150548508551e-04 
       4.467893781976e-01       8.105070108657e-06 
       4.629654198623e-01       2.457114620588e-05 
       4.799783500912e-01       3.377696377195e-05 
       4.979227318246e-01       1.073685922054e-05 
       5.169121269689e-01       2.517358527299e-07 
       5.370841403262e-01       4.175399069022e-07 
       5.586070463286e-01       1.200474764543e-07 
       5.816885093582e-01       1.650918393404e-08 
       6.065870143577e-01       3.587021490914e-08 
       6.336266466978e-01       1.973590423144e-08 
       6.632156057925e-01       1.059274460660e-07 
       6.958678637575e-01       3.652774217469e-07 
       7.322247983784e-01       1.606634751563e-07 
       7.730680193171e-01       8.185505566541e-08 
       8.193049551574e-01       7.715948006464e-10 
       8.718988013754e-01       9.043991538851e-11 
       9.317218028590e-01       3.419753077426e-08 
       9.993660906273e-01       5.528494654507e-08 
       1.075037109879e+00       4.095369909699e-11 
       1.158653485387e+00       1.267306321088e-10 
       1.250099156961e+00       1.449543785684e-08 
       1.349432400897e+00       6.996674452696e-10 
       1.456947456991e+00       2.943057240755e-10 
       1.573135110893e+00       2.664859646778e-09 
       1.698621895119e+00       7.078939220533e-13 
       1.834127512423e+00       7.043346419856e-10 
       1.980444933977e+00       1.145182181244e-10 
       2.138435191130e+00       1.529207073708e-11 
       2.309029198543e+00       4.995174009798e-10 
       2.493232376993e+00       1.320047084827e-11 
       2.692130394536e+00       3.477784368898e-11 
       2.906895533764e+00       2.359348438025e-11 
       3.138793596840e+00       1.072140743286e-11 
       3.389191365541e+00       1.959102483827e-11 
       3.659564656886e+00       5.979754010903e-12 
       3.951507021438e+00       8.040613488012e-12 
       4.266739135513e+00       4.150080314861e-13 
       4.607118942658e+00       1.825463934304e-12 
       4.974652604172e+00       2.519291594451e-12 
       5.371506323193e+00       2.643303576109e-13 
       5.800019112071e+00       1.784100821718e-13 
       6.262716578240e+00       6.420002361324e-14 
       6.762325809881e+00       6.626128169351e-13 
       7.301791449077e+00       4.365291477154e-13 
       7.884293047211e+00       1.900547622185e-13 
       8.513263804891e+00       2.400940379590e-14 
       9.192410806865e+00       1.342009737205e-13 
       9.925736871166e+00       1.090861503155e-14 
       1.071756414128e+01       5.299388351972e-15 
       1.157255956041e+01       4.388668224623e-14 
       1.249576237789e+01       3.093003702364e-14 
       1.349261385000e+01       2.090626082835e-14 
       1.456898931011e+01       1.426325913035e-14 
       1.573123279727e+01       9.278228614033e-16 
       1.698619444729e+01       5.778452378294e-16 
       1.834127086665e+01       4.357470682732e-16 
       1.980444872733e+01       5.154147532369e-16 
       2.138435183937e+01       4.051510963152e-16 
       2.309029197863e+01       1.471771505883e-15 
       2.493232376942e+01       1.019414561242e-15 
       2.692130394533e+01       2.510517129468e-16 
       2.906895533764e+01       1.052010356261e-16 
       3.138793596840e+01       5.844698245841e-17 
       3.389191365541e+01       2.105670541840e-16 
       3.659564656886e+01       6.917215677879e-17 
       3.951507021438e+01       2.955423439137e-17 
       4.266739135513e+01       7.400573714927e-17 
       4.607118942658e+01       5.272065351380e-17 
       4.974652604172e+01       1.567891854674e-19 
       5.371506323193e+01       1.747940676313e-19 
       5.800019112071e+01       1.038877531635e-21 
       6.262716578240e+01       1.120462742350e-17 
       6.762325809881e+01       1.593550971558e-19 
