# Matter power spectrum P(k) at redshift z=0
# for k=1.04775e-05 to 66.1767 h/Mpc,
# number of wavenumbers equal to 130
#    1:k (h/Mpc)              2:P (Mpc/h)^3        
       1.047750691046e-05       5.020963956319e+01 
       1.319039970183e-05       6.270561037092e+01 
       1.660572937635e-05       7.831145603622e+01 
       2.090537469327e-05       9.780108815502e+01 
       2.631830744443e-05       1.221408218352e+02 
       3.313278603720e-05       1.525374432496e+02 
       4.171170630578e-05       1.904975995779e+02 
       5.251192703764e-05       2.379022276996e+02 
       6.610859936996e-05       2.970989201308e+02 
       8.322579568497e-05       3.710167340871e+02 
       1.047750691046e-04       4.633080793158e+02 
       1.319039970183e-04       5.785234123017e+02 
       1.660572937635e-04       7.223242663044e+02 
       2.090537469327e-04       9.017396270318e+02 
       2.631830744443e-04       1.125468122054e+03 
       3.313278603720e-04       1.404223049841e+03 
       4.171170630578e-04       1.751108017906e+03 
       5.251192703764e-04       2.181998422777e+03 
       6.610859936996e-04       2.715889911017e+03 
       8.322579568497e-04       3.375152110205e+03 
       1.047750691046e-03       4.185551505804e+03 
       1.319039970183e-03       5.175740777630e+03 
       1.660572937635e-03       6.376116413088e+03 
       2.090537469327e-03       7.815650768392e+03 
       2.631830744443e-03       9.517720254836e+03 
       3.313278603720e-03       1.149339561227e+04 
       4.171170630578e-03       1.373217133067e+04 
       5.251192703764e-03       1.618934567252e+04 
       6.610859936996e-03       1.877130374108e+04 
       8.322579568497e-03       2.131789471279e+04 
       1.047750691046e-02       2.358588633648e+04 
       1.319039970183e-02       2.523680989798e+04 
       1.660572937633e-02       2.584926875848e+04 
       2.090537453514e-02       2.499507493625e+04 
       2.631818545635e-02       2.244250028924e+04 
       3.311571692125e-02       1.849728966784e+04 
       4.113809243311e-02       1.439111197349e+04 
       4.792590854610e-02       1.186899971777e+04 
       5.284436902701e-02       1.052986706247e+04 
       5.689644391095e-02       9.643184608867e+03 
       6.051252627066e-02       8.955263185212e+03 
       6.388413457411e-02       8.360654942887e+03 
       6.711249296401e-02       7.806816327185e+03 
       7.025823437965e-02       7.265657262341e+03 
       7.336115587705e-02       6.723004554911e+03 
       7.644928796912e-02       6.173970812721e+03 
       7.954353299775e-02       5.620132166284e+03 
       8.266024078725e-02       5.067939948225e+03 
       8.581273398637e-02       4.526727559191e+03 
       8.901225918437e-02       4.007266047943e+03 
       9.226860540985e-02       3.520134917034e+03 
       9.559052048996e-02       3.074303878211e+03 
       9.898599946599e-02       2.676024588268e+03 
       1.024624891378e-01       2.328320392429e+03 
       1.060270359164e-01       2.030732988064e+03 
       1.096863943056e-01       1.779499333269e+03 
       1.134471073830e-01       1.568413946136e+03 
       1.173155669539e-01       1.389403248832e+03 
       1.212980586983e-01       1.233503033824e+03 
       1.254007961065e-01       1.091900140398e+03 
       1.296299459934e-01       9.570475933020e+02 
       1.339916477160e-01       8.239286000510e+02 
       1.384920277736e-01       6.909384166949e+02 
       1.431372111762e-01       5.601149376209e+02 
       1.479333307714e-01       4.363709385255e+02 
       1.528865355934e-01       3.257344388668e+02 
       1.580029992204e-01       2.332441781374e+02 
       1.632889290723e-01       1.612748420007e+02 
       1.687505775527e-01       1.089615340600e+02 
       1.743942559171e-01       7.293920216323e+01 
       1.802263517371e-01       4.871633986266e+01 
       1.862533508214e-01       3.210379404754e+01 
       1.924818644494e-01       1.992361414485e+01 
       1.989186627765e-01       1.042211621305e+01 
       2.055707152847e-01       3.559322383765e+00 
       2.124452391818e-01       2.147130582866e-01 
       2.195497567139e-01       8.754602287030e-01 
       2.268921624510e-01       4.736112521517e+00 
       2.344808017550e-01       9.884307935352e+00 
       2.423245618548e-01       1.439775726842e+01 
       2.504329772620e-01       1.754124014469e+01 
       2.588163516754e-01       1.984292862804e+01 
       2.674858990930e-01       2.217932966358e+01 
       2.764539076010e-01       2.499110886974e+01 
       2.857339303080e-01       2.779544951660e+01 
       2.953410092148e-01       2.932565967788e+01 
       3.052919395542e-01       2.872223909348e+01 
       3.156055844677e-01       2.627924697920e+01 
       3.263032530092e-01       2.311060495137e+01 
       3.374091587054e-01       2.020380199640e+01 
       3.489509817175e-01       1.761627702281e+01 
       3.609605657343e-01       1.490474609471e+01 
       3.734747921333e-01       1.179130025242e+01 
       3.865366902904e-01       8.658892524929e+00 
       4.001968667448e-01       6.025259811709e+00 
       4.145153713076e-01       4.022079658544e+00 
       4.295641718077e-01       2.467148868477e+00 
       4.454304922144e-01       1.278722810281e+00 
       4.622214006969e-01       5.003601816440e-01 
       4.800702491654e-01       1.156775933427e-01 
       4.991459272112e-01       8.164154447868e-04 
       5.196665217302e-01       5.896846619200e-02 
       5.419201087032e-01       2.031048980069e-01 
       5.662975451962e-01       3.421666273459e-01 
       5.933463737275e-01       4.275344547732e-01 
       6.238638458458e-01       4.194344435893e-01 
       6.590669257916e-01       3.261537927216e-01 
       7.009246080454e-01       1.846279283499e-01 
       7.528593308799e-01       5.849962735314e-02 
       8.213469537518e-01       1.940214314125e-03 
       9.196980813302e-01       8.121101005409e-03 
       1.075112183810e+00       4.906657173410e-03 
       1.322697471132e+00       1.445544862493e-04 
       1.662328205042e+00       1.787110874101e-08 
       2.092692408506e+00       9.177830737742e-07 
       2.634543445090e+00       5.143098082321e-08 
       3.316693691389e+00       2.006587548254e-08 
       4.175469971226e+00       1.028907793857e-08 
       5.256605252960e+00       3.694225255832e-09 
       6.617673932723e+00       8.634126338488e-10 
       8.331157880872e+00       4.667328070213e-10 
       1.048830636590e+01       2.944718387667e-10 
       1.320399541071e+01       1.125537821048e-10 
       1.662284535976e+01       6.368349754615e-11 
       2.092692243973e+01       1.203717911352e-12 
       2.634543445002e+01       1.482888877348e-12 
       3.316693691389e+01       1.251563966248e-12 
       4.175469971226e+01       1.294067735543e-13 
       5.256605252960e+01       1.134040201581e-12 
       6.617673932723e+01       1.578374684360e-13 
