# Matter power spectrum P(k) at redshift z=99
# for k=1.04775e-05 to 67.6233 h/Mpc,
# number of wavenumbers equal to 246
#    1:k (h/Mpc)              2:P (Mpc/h)^3        
       1.047750691046e-05       7.261927680861e-03 
       1.131335172503e-05       7.820331652431e-03 
       1.221587619537e-05       8.421675995454e-03 
       1.319039970183e-05       9.069258201848e-03 
       1.424266597921e-05       9.766638412133e-03 
       1.537887696968e-05       1.051764070801e-02 
       1.660572937635e-05       1.132639106725e-02 
       1.793045413292e-05       1.219733232715e-02 
       1.936085902198e-05       1.313524225779e-02 
       2.090537469327e-05       1.414527123399e-02 
       2.257310435294e-05       1.523296273823e-02 
       2.437387741694e-05       1.640429446288e-02 
       2.631830744443e-05       1.766569584058e-02 
       2.841785469300e-05       1.902408737005e-02 
       3.068489366414e-05       2.048692972772e-02 
       3.313278603720e-05       2.206225515942e-02 
       3.577595942169e-05       2.375870707438e-02 
       3.862999239199e-05       2.558560730202e-02 
       4.171170630578e-05       2.755297766277e-02 
       4.503926444729e-05       2.967161930475e-02 
       4.863227907969e-05       3.195316454233e-02 
       5.251192703764e-05       3.441013522947e-02 
       5.670107454120e-05       3.705601726472e-02 
       6.122441196689e-05       3.990533417794e-02 
       6.610859936996e-05       4.297372172777e-02 
       7.138242361596e-05       4.627802146614e-02 
       7.707696804727e-05       4.983636199464e-02 
       8.322579568497e-05       5.366826852944e-02 
       8.986514704559e-05       5.779476400721e-02 
       9.703415373875e-05       6.223848250510e-02 
       1.047750691046e-04       6.702379872774e-02 
       1.131335172503e-04       7.217695161064e-02 
       1.221587619537e-04       7.772619081846e-02 
       1.319039970183e-04       8.370193441286e-02 
       1.424266597921e-04       9.013692517141e-02 
       1.537887696968e-04       9.706641252902e-02 
       1.660572937635e-04       1.045283355384e-01 
       1.793045413292e-04       1.125635350266e-01 
       1.936085902198e-04       1.212159616259e-01 
       2.090537469327e-04       1.305329134104e-01 
       2.257310435294e-04       1.405652847711e-01 
       2.437387741694e-04       1.513678304151e-01 
       2.631830744443e-04       1.629994506605e-01 
       2.841785469300e-04       1.755234923092e-01 
       3.068489366414e-04       1.890080672425e-01 
       3.313278603720e-04       2.035264004601e-01 
       3.577595942169e-04       2.191571806013e-01 
       3.862999239199e-04       2.359849440104e-01 
       4.171170630578e-04       2.541004744243e-01 
       4.503926444729e-04       2.736012083189e-01 
       4.863227907969e-04       2.945916794099e-01 
       5.251192703764e-04       3.171839528556e-01 
       5.670107454121e-04       3.414980767635e-01 
       6.122441196689e-04       3.676625417011e-01 
       6.610859936996e-04       3.958147256513e-01 
       7.138242361596e-04       4.261013289360e-01 
       7.707696804727e-04       4.586787797353e-01 
       8.322579568497e-04       4.937136006280e-01 
       8.986514704559e-04       5.313826807049e-01 
       9.703415373875e-04       5.718734978233e-01 
       1.047750691046e-03       6.153841636040e-01 
       1.131335172503e-03       6.621233246495e-01 
       1.221587619537e-03       7.123098227991e-01 
       1.319039970183e-03       7.661720592550e-01 
       1.424266597921e-03       8.239546306466e-01 
       1.537887696968e-03       8.859011182850e-01 
       1.660572937635e-03       9.522588016484e-01 
       1.793045413292e-03       1.023280100902e+00 
       1.936085902198e-03       1.099216305740e+00 
       2.090537469327e-03       1.180312991700e+00 
       2.257310435294e-03       1.266804117185e+00 
       2.437387741694e-03       1.358904854835e+00 
       2.631830744443e-03       1.456802684686e+00 
       2.841785469300e-03       1.560646892157e+00 
       3.068489366414e-03       1.670536064244e+00 
       3.313278603720e-03       1.786503854042e+00 
       3.577595942169e-03       1.908502932769e+00 
       3.862999239199e-03       2.036387732815e+00 
       4.171170630578e-03       2.169896191566e+00 
       4.503926444729e-03       2.308631881359e+00 
       4.863227907969e-03       2.452047293459e+00 
       5.251192703764e-03       2.599430630722e+00 
       5.670107454120e-03       2.749896934567e+00 
       6.122441196689e-03       2.902386516274e+00 
       6.610859936996e-03       3.055668704500e+00 
       7.138242361596e-03       3.208356464661e+00 
       7.707696804727e-03       3.358923895625e+00 
       8.322579568496e-03       3.505725598448e+00 
       8.986514704559e-03       3.647009760894e+00 
       9.703415373875e-03       3.780923307791e+00 
       1.047750691046e-02       3.905490978900e+00 
       1.131335172503e-02       4.018587644845e+00 
       1.221587619537e-02       4.117901589717e+00 
       1.319039970183e-02       4.200915260309e+00 
       1.424266597920e-02       4.264942409219e+00 
       1.537887696964e-02       4.307218364337e+00 
       1.660572937560e-02       4.325062138405e+00 
       1.793045412207e-02       4.316054828408e+00 
       1.936085889642e-02       4.278230146751e+00 
       2.090537351881e-02       4.210205840571e+00 
       2.257309534705e-02       4.111418360891e+00 
       2.437382002240e-02       3.982420659626e+00 
       2.631799943729e-02       3.825167787682e+00 
       2.841644544598e-02       3.643281922051e+00 
       3.067933354524e-02       3.442197323953e+00 
       3.311368469821e-02       3.229241145830e+00 
       3.571840442514e-02       3.013506620105e+00 
       3.847720347390e-02       2.805282269179e+00 
       4.135335537314e-02       2.614416475668e+00 
       4.429361666563e-02       2.448137166402e+00 
       4.724366437916e-02       2.309235136503e+00 
       5.016480834039e-02       2.196112502147e+00 
       5.303989618930e-02       2.104368080025e+00 
       5.586870668205e-02       2.028463442566e+00 
       5.866042679206e-02       1.963154071285e+00 
       6.142798931504e-02       1.903782416989e+00 
       6.418496438662e-02       1.846478328695e+00 
       6.694418832236e-02       1.788198782076e+00 
       6.971731104453e-02       1.726713393251e+00 
       7.251476154108e-02       1.660651847140e+00 
       7.534587669814e-02       1.589469888923e+00 
       7.821907664495e-02       1.513436322525e+00 
       8.114203771084e-02       1.433569716546e+00 
       8.412184533139e-02       1.351491766912e+00 
       8.716512277352e-02       1.269274695648e+00 
       9.027813693913e-02       1.189193171612e+00 
       9.346688429613e-02       1.113502916868e+00 
       9.673716026122e-02       1.044176350933e+00 
       1.000946150608e-01       9.827077301840e-01 
       1.035447986307e-01       9.299395855621e-01 
       1.070931966524e-01       8.859606945845e-01 
       1.107452594180e-01       8.500740657972e-01 
       1.145064248899e-01       8.208024254294e-01 
       1.183821370656e-01       7.960244316809e-01 
       1.223778605591e-01       7.731469337224e-01 
       1.264990921707e-01       7.494513082922e-01 
       1.307513701078e-01       7.225579672372e-01 
       1.351402814485e-01       6.909095116577e-01 
       1.396714683894e-01       6.541798290035e-01 
       1.443506337875e-01       6.134273039683e-01 
       1.491835464900e-01       5.708670901069e-01 
       1.541760469368e-01       5.293622786464e-01 
       1.593340535209e-01       4.917115245331e-01 
       1.646635701934e-01       4.599203184827e-01 
       1.701706958081e-01       4.347288452711e-01 
       1.758616357070e-01       4.154079755737e-01 
       1.817427160581e-01       3.999373872328e-01 
       1.878204014651e-01       3.856825027885e-01 
       1.941013163855e-01       3.698098709766e-01 
       2.005922709060e-01       3.505464333429e-01 
       2.073002914514e-01       3.280430419900e-01 
       2.142326570343e-01       3.042139668759e-01 
       2.213969417044e-01       2.816121789637e-01 
       2.288010639201e-01       2.622569812161e-01 
       2.364533436625e-01       2.469619022634e-01 
       2.443625682390e-01       2.350133753457e-01 
       2.525380678946e-01       2.244176329528e-01 
       2.609898025770e-01       2.130940515072e-01 
       2.697284614969e-01       2.001016092775e-01 
       2.787655775073e-01       1.860202998177e-01 
       2.881136588192e-01       1.725172329110e-01 
       2.977863412019e-01       1.610662811651e-01 
       3.077985646248e-01       1.517613242753e-01 
       3.181667793367e-01       1.435595429022e-01 
       3.289091877084e-01       1.351812208822e-01 
       3.400460298905e-01       1.261644272219e-01 
       3.515999235695e-01       1.172023806048e-01 
       3.635962710278e-01       1.091771387612e-01 
       3.760637505499e-01       1.023096454622e-01 
       3.890349143014e-01       9.593781111517e-02 
       4.025469215929e-01       8.950762322097e-02 
       4.166424455447e-01       8.311170213569e-02 
       4.313708034899e-01       7.721555152654e-02 
       4.467893781976e-01       7.190054302651e-02 
       4.629654198623e-01       6.686907561297e-02 
       4.799783500912e-01       6.191749644681e-02 
       4.979227318246e-01       5.722231833892e-02 
       5.169121269689e-01       5.290289733010e-02 
       5.370841403262e-01       4.876977129316e-02 
       5.586070463286e-01       4.479095872872e-02 
       5.816885093582e-01       4.105191202386e-02 
       6.065870143577e-01       3.748999143365e-02 
       6.336266466978e-01       3.407645025835e-02 
       6.632156057925e-01       3.083463780062e-02 
       6.958678637575e-01       2.772832007404e-02 
       7.322247983784e-01       2.476704777278e-02 
       7.730680193171e-01       2.193956981918e-02 
       8.193049551574e-01       1.925614858831e-02 
       8.718988013754e-01       1.672930625855e-02 
       9.317218028590e-01       1.438421081071e-02 
       9.993660906273e-01       1.225063729417e-02 
       1.075037109879e+00       1.035260221994e-02 
       1.158653485387e+00       8.699724099086e-03 
       1.250099156961e+00       7.284591518070e-03 
       1.349432400897e+00       6.085469821768e-03 
       1.456947456991e+00       5.075715481169e-03 
       1.573135110893e+00       4.228327521968e-03 
       1.698621895119e+00       3.518533052636e-03 
       1.834127512423e+00       2.924987047793e-03 
       1.980444933977e+00       2.429145689136e-03 
       2.138435191130e+00       2.015498640567e-03 
       2.309029198543e+00       1.670769965631e-03 
       2.493232376993e+00       1.383786095975e-03 
       2.692130394536e+00       1.145130622093e-03 
       2.906895533764e+00       9.468522519067e-04 
       3.138793596840e+00       7.822961033474e-04 
       3.389191365541e+00       6.458260998833e-04 
       3.659564656886e+00       5.327685595394e-04 
       3.951507021438e+00       4.391858095234e-04 
       4.266739135513e+00       3.617876890587e-04 
       4.607118942658e+00       2.978276912693e-04 
       4.974652604172e+00       2.450124335916e-04 
       5.371506323193e+00       2.014356923515e-04 
       5.800019112071e+00       1.655054779632e-04 
       6.262716578240e+00       1.359027762712e-04 
       6.762325809881e+00       1.115292621051e-04 
       7.301791449077e+00       9.147562061339e-05 
       7.884293047211e+00       7.498501694145e-05 
       8.513263804891e+00       6.143532228390e-05 
       9.192410806865e+00       5.030769766194e-05 
       9.925736871166e+00       4.117444091260e-05 
       1.071756414128e+01       3.368251715883e-05 
       1.157255956041e+01       2.754099793046e-05 
       1.249576237789e+01       2.250826912920e-05 
       1.349261385000e+01       1.838705906432e-05 
       1.456898931011e+01       1.501360889629e-05 
       1.573123279727e+01       1.225378791051e-05 
       1.698619444729e+01       9.997106758462e-06 
       1.834127086665e+01       8.152610225105e-06 
       1.980444872733e+01       6.645706245837e-06 
       2.138435183937e+01       5.415242731928e-06 
       2.309029197863e+01       4.410887102809e-06 
       2.493232376942e+01       3.591446019785e-06 
       2.692130394533e+01       2.923141297733e-06 
       2.906895533764e+01       2.378332345995e-06 
       3.138793596840e+01       1.934363367459e-06 
       3.389191365541e+01       1.572717553070e-06 
       3.659564656886e+01       1.278263364942e-06 
       3.951507021438e+01       1.038557209356e-06 
       4.266739135513e+01       8.435183538435e-07 
       4.607118942658e+01       6.848816992283e-07 
       4.974652604172e+01       5.558884002687e-07 
       5.371506323193e+01       4.510329441081e-07 
       5.800019112071e+01       3.658337129735e-07 
       6.262716578240e+01       2.966257702548e-07 
       6.762325809881e+01       2.404261681854e-07 
