# Matter power spectrum P(k) at redshift z=99
# for k=1.04775e-05 to 67.6233 h/Mpc,
# number of wavenumbers equal to 246
#    1:k (h/Mpc)              2:P (Mpc/h)^3        
       1.047750691046e-05       7.261927680861e-03 
       1.131335172503e-05       7.820331652431e-03 
       1.221587619537e-05       8.421675995453e-03 
       1.319039970183e-05       9.069258201848e-03 
       1.424266597921e-05       9.766638412133e-03 
       1.537887696968e-05       1.051764070801e-02 
       1.660572937635e-05       1.132639106725e-02 
       1.793045413292e-05       1.219733232715e-02 
       1.936085902198e-05       1.313524225779e-02 
       2.090537469327e-05       1.414527123399e-02 
       2.257310435294e-05       1.523296273823e-02 
       2.437387741694e-05       1.640429446288e-02 
       2.631830744443e-05       1.766569584058e-02 
       2.841785469300e-05       1.902408737005e-02 
       3.068489366414e-05       2.048692972772e-02 
       3.313278603720e-05       2.206225515942e-02 
       3.577595942169e-05       2.375870707438e-02 
       3.862999239199e-05       2.558560730202e-02 
       4.171170630578e-05       2.755297766277e-02 
       4.503926444729e-05       2.967161930473e-02 
       4.863227907969e-05       3.195316454233e-02 
       5.251192703764e-05       3.441013522947e-02 
       5.670107454120e-05       3.705601726471e-02 
       6.122441196689e-05       3.990533417798e-02 
       6.610859936996e-05       4.297372172777e-02 
       7.138242361596e-05       4.627802146614e-02 
       7.707696804727e-05       4.983636199464e-02 
       8.322579568497e-05       5.366826852944e-02 
       8.986514704559e-05       5.779476400721e-02 
       9.703415373875e-05       6.223848250510e-02 
       1.047750691046e-04       6.702379872774e-02 
       1.131335172503e-04       7.217695161063e-02 
       1.221587619537e-04       7.772619081842e-02 
       1.319039970183e-04       8.370193441285e-02 
       1.424266597921e-04       9.013692517141e-02 
       1.537887696968e-04       9.706641252902e-02 
       1.660572937635e-04       1.045283355384e-01 
       1.793045413292e-04       1.125635350266e-01 
       1.936085902198e-04       1.212159616259e-01 
       2.090537469327e-04       1.305329134104e-01 
       2.257310435294e-04       1.405652847711e-01 
       2.437387741694e-04       1.513678304151e-01 
       2.631830744443e-04       1.629994506605e-01 
       2.841785469300e-04       1.755234923092e-01 
       3.068489366414e-04       1.890080672425e-01 
       3.313278603720e-04       2.035264004601e-01 
       3.577595942169e-04       2.191571806013e-01 
       3.862999239199e-04       2.359849440104e-01 
       4.171170630578e-04       2.541004744243e-01 
       4.503926444729e-04       2.736012083189e-01 
       4.863227907969e-04       2.945916794099e-01 
       5.251192703764e-04       3.171839528557e-01 
       5.670107454121e-04       3.414980767635e-01 
       6.122441196689e-04       3.676625417011e-01 
       6.610859936996e-04       3.958147256513e-01 
       7.138242361596e-04       4.261013289357e-01 
       7.707696804727e-04       4.586787797351e-01 
       8.322579568497e-04       4.937136006286e-01 
       8.986514704559e-04       5.313826807049e-01 
       9.703415373875e-04       5.718734978233e-01 
       1.047750691046e-03       6.153841636040e-01 
       1.131335172503e-03       6.621233246495e-01 
       1.221587619537e-03       7.123098227998e-01 
       1.319039970183e-03       7.661720592336e-01 
       1.424266597921e-03       8.239546306466e-01 
       1.537887696968e-03       8.859011182851e-01 
       1.660572937635e-03       9.522588016482e-01 
       1.793045413292e-03       1.023280100902e+00 
       1.936085902198e-03       1.099216305740e+00 
       2.090537469327e-03       1.180312991700e+00 
       2.257310435294e-03       1.266804117186e+00 
       2.437387741694e-03       1.358904854836e+00 
       2.631830744443e-03       1.456802684686e+00 
       2.841785469300e-03       1.560646892157e+00 
       3.068489366414e-03       1.670536064245e+00 
       3.313278603720e-03       1.786503854042e+00 
       3.577595942169e-03       1.908502932768e+00 
       3.862999239199e-03       2.036387732816e+00 
       4.171170630578e-03       2.169896192776e+00 
       4.503926444729e-03       2.308631881359e+00 
       4.863227907969e-03       2.452047293460e+00 
       5.251192703764e-03       2.599430630722e+00 
       5.670107454120e-03       2.749896934562e+00 
       6.122441196689e-03       2.902386516274e+00 
       6.610859936996e-03       3.055668709405e+00 
       7.138242361596e-03       3.208356464661e+00 
       7.707696804727e-03       3.358923896079e+00 
       8.322579568496e-03       3.505725598622e+00 
       8.986514704559e-03       3.647009967697e+00 
       9.703415373875e-03       3.780923307820e+00 
       1.047750691046e-02       3.905491062105e+00 
       1.131335172503e-02       4.018587982262e+00 
       1.221587619537e-02       4.117901592180e+00 
       1.319039970183e-02       4.200915307491e+00 
       1.424266597920e-02       4.264941422751e+00 
       1.537887696964e-02       4.307219166561e+00 
       1.660572937560e-02       4.325064297552e+00 
       1.793045412207e-02       4.316056430643e+00 
       1.936085889642e-02       4.278232184604e+00 
       2.090537351881e-02       4.210201531713e+00 
       2.257309534705e-02       4.111420496536e+00 
       2.437382002240e-02       3.982423381824e+00 
       2.631799943729e-02       3.825165954467e+00 
       2.841644544598e-02       3.643283401237e+00 
       3.067933354524e-02       3.442195656261e+00 
       3.311368469821e-02       3.229231605942e+00 
       3.571840442514e-02       3.013510300435e+00 
       3.847720347390e-02       2.805281267103e+00 
       4.135335537314e-02       2.614416587250e+00 
       4.429361666563e-02       2.448132228708e+00 
       4.724366437916e-02       2.309234831943e+00 
       5.016480834039e-02       2.196113961946e+00 
       5.303989618930e-02       2.104363839024e+00 
       5.586870668205e-02       2.028469193191e+00 
       5.866042679206e-02       1.963153465686e+00 
       6.142798931504e-02       1.903780115639e+00 
       6.418496438662e-02       1.846477423108e+00 
       6.694418832236e-02       1.788194138475e+00 
       6.971731104453e-02       1.726708286380e+00 
       7.251476154108e-02       1.660656290733e+00 
       7.534587669814e-02       1.589469801238e+00 
       7.821907664495e-02       1.513436027201e+00 
       8.114203771084e-02       1.433567578670e+00 
       8.412184533139e-02       1.351490371388e+00 
       8.716512277352e-02       1.269274617972e+00 
       9.027813693913e-02       1.189194557182e+00 
       9.346688429613e-02       1.113502006897e+00 
       9.673716026122e-02       1.044176422646e+00 
       1.000946150608e-01       9.827068929415e-01 
       1.035447986307e-01       9.299374027452e-01 
       1.070931966524e-01       8.859591150651e-01 
       1.107452594180e-01       8.500694414807e-01 
       1.145064248899e-01       8.208041182494e-01 
       1.183821370656e-01       7.960238179401e-01 
       1.223778605591e-01       7.731458227197e-01 
       1.264990921707e-01       7.494512198617e-01 
       1.307513701078e-01       7.225580107445e-01 
       1.351402814485e-01       6.909096519832e-01 
       1.396714683894e-01       6.541805994597e-01 
       1.443506337875e-01       6.134266050790e-01 
       1.491835464900e-01       5.708674134959e-01 
       1.541760469368e-01       5.293635115572e-01 
       1.593340535209e-01       4.917113994481e-01 
       1.646635701934e-01       4.599202081879e-01 
       1.701706958081e-01       4.347281792104e-01 
       1.758616357070e-01       4.154086125734e-01 
       1.817427160581e-01       3.999375481401e-01 
       1.878204014651e-01       3.856833160478e-01 
       1.941013163855e-01       3.698090979202e-01 
       2.005922709060e-01       3.505464899809e-01 
       2.073002914514e-01       3.280437859923e-01 
       2.142326570343e-01       3.042144598804e-01 
       2.213969417044e-01       2.816120983856e-01 
       2.288010639201e-01       2.622569536398e-01 
       2.364533436625e-01       2.469622722188e-01 
       2.443625682390e-01       2.350132506774e-01 
       2.525380678946e-01       2.244177044240e-01 
       2.609898025770e-01       2.130938044139e-01 
       2.697284614969e-01       2.001014828968e-01 
       2.787655775073e-01       1.860199675063e-01 
       2.881136588192e-01       1.725173562100e-01 
       2.977863412019e-01       1.610660412490e-01 
       3.077985646248e-01       1.517609246999e-01 
       3.181667793367e-01       1.435593787409e-01 
       3.289091877084e-01       1.351813505922e-01 
       3.400460298905e-01       1.261643881570e-01 
       3.515999235695e-01       1.172017574628e-01 
       3.635962710278e-01       1.091771569032e-01 
       3.760637505499e-01       1.023099227154e-01 
       3.890349143014e-01       9.593770255585e-02 
       4.025469215929e-01       8.950767038245e-02 
       4.166424455447e-01       8.311164096135e-02 
       4.313708034899e-01       7.721563946292e-02 
       4.467893781976e-01       7.190054857116e-02 
       4.629654198623e-01       6.686906051042e-02 
       4.799783500912e-01       6.191759136758e-02 
       4.979227318246e-01       5.722227102522e-02 
       5.169121269689e-01       5.290303186421e-02 
       5.370841403262e-01       4.876978043217e-02 
       5.586070463286e-01       4.479088100456e-02 
       5.816885093582e-01       4.105194103551e-02 
       6.065870143577e-01       3.748993458207e-02 
       6.336266466978e-01       3.407636501242e-02 
       6.632156057925e-01       3.083460690857e-02 
       6.958678637575e-01       2.772835938066e-02 
       7.322247983784e-01       2.476707723524e-02 
       7.730680193171e-01       2.193959062471e-02 
       8.193049551574e-01       1.925619778983e-02 
       8.718988013754e-01       1.672930261507e-02 
       9.317218028590e-01       1.438422589060e-02 
       9.993660906273e-01       1.225064659521e-02 
       1.075037109879e+00       1.035260511409e-02 
       1.158653485387e+00       8.699749376921e-03 
       1.250099156961e+00       7.284593164283e-03 
       1.349432400897e+00       6.085481756188e-03 
       1.456947456991e+00       5.075732052655e-03 
       1.573135110893e+00       4.228302136667e-03 
       1.698621895119e+00       3.518557438911e-03 
       1.834127512423e+00       2.924976466262e-03 
       1.980444933977e+00       2.429175625039e-03 
       2.138435191130e+00       2.015511321039e-03 
       2.309029198543e+00       1.670777065027e-03 
       2.493232376993e+00       1.383790916338e-03 
       2.692130394536e+00       1.145131473599e-03 
       2.906895533764e+00       9.468575888397e-04 
       3.138793596840e+00       7.822916427971e-04 
       3.389191365541e+00       6.458227878779e-04 
       3.659564656886e+00       5.327688138484e-04 
       3.951507021438e+00       4.391870831301e-04 
       4.266739135513e+00       3.617906842193e-04 
       4.607118942658e+00       2.978284639618e-04 
       4.974652604172e+00       2.450115934516e-04 
       5.371506323193e+00       2.014374512489e-04 
       5.800019112071e+00       1.655061273622e-04 
       6.262716578240e+00       1.359035139768e-04 
       6.762325809881e+00       1.115302823530e-04 
       7.301791449077e+00       9.147591193109e-05 
       7.884293047211e+00       7.498631336220e-05 
       8.513263804891e+00       6.143684126084e-05 
       9.192410806865e+00       5.030844692558e-05 
       9.925736871166e+00       4.117533046575e-05 
       1.071756414128e+01       3.368336336803e-05 
       1.157255956041e+01       2.754150719181e-05 
       1.249576237789e+01       2.250880642502e-05 
       1.349261385000e+01       1.838756287535e-05 
       1.456898931011e+01       1.501422002962e-05 
       1.573123279727e+01       1.225435815248e-05 
       1.698619444729e+01       9.997650734594e-06 
       1.834127086665e+01       8.153062435755e-06 
       1.980444872733e+01       6.646225216219e-06 
       2.138435183937e+01       5.415712201953e-06 
       2.309029197863e+01       4.411331990410e-06 
       2.493232376942e+01       3.591869224820e-06 
       2.692130394533e+01       2.923557128104e-06 
       2.906895533764e+01       2.378737642638e-06 
       3.138793596840e+01       1.934762743411e-06 
       3.389191365541e+01       1.573112867450e-06 
       3.659564656886e+01       1.278617836762e-06 
       3.951507021438e+01       1.038913468636e-06 
       4.266739135513e+01       8.438591169735e-07 
       4.607118942658e+01       6.852063945060e-07 
       4.974652604172e+01       5.562032911766e-07 
       5.371506323193e+01       4.513429813523e-07 
       5.800019112071e+01       3.661322985377e-07 
       6.262716578240e+01       2.969154950765e-07 
       6.762325809881e+01       2.407037215457e-07 
