# Matter power spectrum P(k) at redshift z=0
# for k=1.04775e-05 to 67.6233 h/Mpc,
# number of wavenumbers equal to 246
#    1:k (h/Mpc)              2:P (Mpc/h)^3        
       1.047750691046e-05       5.020964811312e+01 
       1.131335172503e-05       5.407050701930e+01 
       1.221587619537e-05       5.822819068627e+01 
       1.319039970183e-05       6.270562594775e+01 
       1.424266597921e-05       6.752732240880e+01 
       1.537887696968e-05       7.271977206173e+01 
       1.660572937635e-05       7.831147247912e+01 
       1.793045413292e-05       8.433311821988e+01 
       1.936085902198e-05       9.081778249833e+01 
       2.090537469327e-05       9.780108069295e+01 
       2.257310435294e-05       1.053213197893e+02 
       2.437387741694e-05       1.134197377890e+02 
       2.631830744443e-05       1.221408203809e+02 
       2.841785469300e-05       1.315324642459e+02 
       3.068489366414e-05       1.416462094881e+02 
       3.313278603720e-05       1.525374501932e+02 
       3.577595942169e-05       1.642660688414e+02 
       3.862999239199e-05       1.768963506307e+02 
       4.171170630578e-05       1.904975994010e+02 
       4.503926444729e-05       2.051444491974e+02 
       4.863227907969e-05       2.209171465549e+02 
       5.251192703764e-05       2.379022224248e+02 
       5.670107454120e-05       2.561927927519e+02 
       6.122441196689e-05       2.758890444040e+02 
       6.610859936996e-05       2.970989227881e+02 
       7.138242361596e-05       3.199385560802e+02 
       7.707696804727e-05       3.445329783680e+02 
       8.322579568497e-05       3.710167318945e+02 
       8.986514704559e-05       3.995346444203e+02 
       9.703415373875e-05       4.302425407382e+02 
       1.047750691046e-04       4.633080766741e+02 
       1.131335172503e-04       4.989116271564e+02 
       1.221587619537e-04       5.372471950929e+02 
       1.319039970183e-04       5.785234129338e+02 
       1.424266597921e-04       6.229645936044e+02 
       1.537887696968e-04       6.708118490403e+02 
       1.660572937635e-04       7.223242666090e+02 
       1.793045413292e-04       7.777801560648e+02 
       1.936085902198e-04       8.374783614137e+02 
       2.090537469327e-04       9.017396271820e+02 
       2.257310435294e-04       9.709080268036e+02 
       2.437387741694e-04       1.045352449492e+03 
       2.631830744443e-04       1.125468123749e+03 
       2.841785469300e-04       1.211678180493e+03 
       3.068489366414e-04       1.304435250149e+03 
       3.313278603720e-04       1.404223053679e+03 
       3.577595942169e-04       1.511558014614e+03 
       3.862999239199e-04       1.626990837763e+03 
       4.171170630578e-04       1.751108028787e+03 
       4.503926444729e-04       1.884533382868e+03 
       4.863227907969e-04       2.027929378107e+03 
       5.251192703764e-04       2.181998448126e+03 
       5.670107454121e-04       2.347484102746e+03 
       6.122441196689e-04       2.525171871355e+03 
       6.610859936996e-04       2.715889983579e+03 
       7.138242361596e-04       2.920509688368e+03 
       7.707696804727e-04       3.139945100258e+03 
       8.322579568497e-04       3.375152337560e+03 
       8.986514704559e-04       3.627127831107e+03 
       9.703415373875e-04       3.896905453094e+03 
       1.047750691046e-03       4.185552174244e+03 
       1.131335172503e-03       4.494162430307e+03 
       1.221587619537e-03       4.823850706410e+03 
       1.319039970183e-03       5.175742742640e+03 
       1.424266597921e-03       5.551019596794e+03 
       1.537887696968e-03       5.950788340389e+03 
       1.660572937635e-03       6.376123051543e+03 
       1.793045413292e-03       6.828073901173e+03 
       1.936085902198e-03       7.307625380700e+03 
       2.090537469327e-03       7.815671867578e+03 
       2.257310435294e-03       8.352990375226e+03 
       2.437387741694e-03       8.920211063594e+03 
       2.631830744443e-03       9.517783068141e+03 
       2.841785469300e-03       1.014593704312e+04 
       3.068489366414e-03       1.080464502632e+04 
       3.313278603720e-03       1.149357460149e+04 
       3.577595942169e-03       1.221203621472e+04 
       3.862999239199e-03       1.295892539132e+04 
       4.171170630578e-03       1.373266011238e+04 
       4.503926444729e-03       1.453111835129e+04 
       4.863227907969e-03       1.535154967527e+04 
       5.251192703764e-03       1.619063508318e+04 
       5.670107454120e-03       1.704431250760e+04 
       6.122441196689e-03       1.790755999076e+04 
       6.610859936996e-03       1.877460448916e+04 
       7.138242361596e-03       1.963872602186e+04 
       7.707696804727e-03       2.049215684714e+04 
       8.322579568496e-03       2.132611309138e+04 
       8.986514704559e-03       2.213055580806e+04 
       9.703415373875e-03       2.289445659468e+04 
       1.047750691046e-02       2.360548141215e+04 
       1.131335172503e-02       2.425024239247e+04 
       1.221587619537e-02       2.481422834776e+04 
       1.319039970183e-02       2.528219122266e+04 
       1.424266597920e-02       2.563813866053e+04 
       1.537887696964e-02       2.586608483372e+04 
       1.660572937560e-02       2.595027181191e+04 
       1.793045412207e-02       2.587628986128e+04 
       1.936085889642e-02       2.563216409721e+04 
       2.090537351881e-02       2.520925070447e+04 
       2.257309534705e-02       2.460441854773e+04 
       2.437382002240e-02       2.382076384885e+04 
       2.631799943729e-02       2.287035966235e+04 
       2.841644544598e-02       2.177440028908e+04 
       3.067933354524e-02       2.056544351519e+04 
       3.311368469821e-02       1.928729215539e+04 
       3.571840442514e-02       1.799394614845e+04 
       3.847720347390e-02       1.674676093197e+04 
       4.135335537314e-02       1.560451235318e+04 
       4.429361666563e-02       1.461011195521e+04 
       4.724366437916e-02       1.378043088848e+04 
       5.016480834039e-02       1.310497707658e+04 
       5.303989618930e-02       1.255712307736e+04 
       5.586870668205e-02       1.210423950558e+04 
       5.866042679206e-02       1.171465894267e+04 
       6.142798931504e-02       1.136014643892e+04 
       6.418496438662e-02       1.101862870865e+04 
       6.694418832236e-02       1.067068104828e+04 
       6.971731104453e-02       1.030363762635e+04 
       7.251476154108e-02       9.909063960151e+03 
       7.534587669814e-02       9.483608968505e+03 
       7.821907664495e-02       9.029320134897e+03 
       8.114203771084e-02       8.552142262483e+03 
       8.412184533139e-02       8.061939781072e+03 
       8.716512277352e-02       7.570769480450e+03 
       9.027813693913e-02       7.092468431448e+03 
       9.346688429613e-02       6.640531234276e+03 
       9.673716026122e-02       6.226716938570e+03 
       1.000946150608e-01       5.859942570662e+03 
       1.035447986307e-01       5.545261466882e+03 
       1.070931966524e-01       5.283154001312e+03 
       1.107452594180e-01       5.069452558526e+03 
       1.145064248899e-01       4.895267244416e+03 
       1.183821370656e-01       4.747842712383e+03 
       1.223778605591e-01       4.611724139141e+03 
       1.264990921707e-01       4.470613137014e+03 
       1.307513701078e-01       4.310284495256e+03 
       1.351402814485e-01       4.121397930266e+03 
       1.396714683894e-01       3.902057330287e+03 
       1.443506337875e-01       3.658651662983e+03 
       1.491835464900e-01       3.404461201353e+03 
       1.541760469368e-01       3.156632175537e+03 
       1.593340535209e-01       2.931931162162e+03 
       1.646635701934e-01       2.742353910517e+03 
       1.701706958081e-01       2.592228723254e+03 
       1.758616357070e-01       2.477210967248e+03 
       1.817427160581e-01       2.385154435392e+03 
       1.878204014651e-01       2.300339848443e+03 
       1.941013163855e-01       2.205763093396e+03 
       2.005922709060e-01       2.090831991377e+03 
       2.073002914514e-01       1.956456628409e+03 
       2.142326570343e-01       1.814165954032e+03 
       2.213969417044e-01       1.679262075762e+03 
       2.288010639201e-01       1.563841817474e+03 
       2.364533436625e-01       1.472664167900e+03 
       2.443625682390e-01       1.401501114501e+03 
       2.525380678946e-01       1.338410042342e+03 
       2.609898025770e-01       1.270887798851e+03 
       2.697284614969e-01       1.193347966219e+03 
       2.787655775073e-01       1.109318009614e+03 
       2.881136588192e-01       1.028748824619e+03 
       2.977863412019e-01       9.604659763442e+02 
       3.077985646248e-01       9.050066960835e+02 
       3.181667793367e-01       8.561253750658e+02 
       3.289091877084e-01       8.061658943269e+02 
       3.400460298905e-01       7.523703650659e+02 
       3.515999235695e-01       6.988996528574e+02 
       3.635962710278e-01       6.510359586656e+02 
       3.760637505499e-01       6.101036705491e+02 
       3.890349143014e-01       5.721125773575e+02 
       4.025469215929e-01       5.337603725046e+02 
       4.166424455447e-01       4.956060361067e+02 
       4.313708034899e-01       4.604480413471e+02 
       4.467893781976e-01       4.287528770635e+02 
       4.629654198623e-01       3.987503594872e+02 
       4.799783500912e-01       3.692173953796e+02 
       4.979227318246e-01       3.412173112417e+02 
       5.169121269689e-01       3.154577149976e+02 
       5.370841403262e-01       2.908108340708e+02 
       5.586070463286e-01       2.670808784983e+02 
       5.816885093582e-01       2.447833421942e+02 
       6.065870143577e-01       2.235423260247e+02 
       6.336266466978e-01       2.031847054428e+02 
       6.632156057925e-01       1.838533644920e+02 
       6.958678637575e-01       1.653274253578e+02 
       7.322247983784e-01       1.476675779176e+02 
       7.730680193171e-01       1.308055441387e+02 
       8.193049551574e-01       1.148016809452e+02 
       8.718988013754e-01       9.973176677390e+01 
       9.317218028590e-01       8.574525032293e+01 
       9.993660906273e-01       7.302012328435e+01 
       1.075037109879e+00       6.169958782647e+01 
       1.158653485387e+00       5.184042120744e+01 
       1.250099156961e+00       4.339930817098e+01 
       1.349432400897e+00       3.624621625808e+01 
       1.456947456991e+00       3.022205645174e+01 
       1.573135110893e+00       2.516602352860e+01 
       1.698621895119e+00       2.093052161574e+01 
       1.834127512423e+00       1.738789159408e+01 
       1.980444933977e+00       1.442799527486e+01 
       2.138435191130e+00       1.195792521995e+01 
       2.309029198543e+00       9.898668617123e+00 
       2.493232376993e+00       8.183712812287e+00 
       2.692130394536e+00       6.756772891895e+00 
       2.906895533764e+00       5.570584354324e+00 
       3.138793596840e+00       4.585295174154e+00 
       3.389191365541e+00       3.767527251904e+00 
       3.659564656886e+00       3.089282696025e+00 
       3.951507021438e+00       2.527155618332e+00 
       4.266739135513e+00       2.061619673357e+00 
       4.607118942658e+00       1.676307195356e+00 
       4.974652604172e+00       1.357622540320e+00 
       5.371506323193e+00       1.094248922528e+00 
       5.800019112071e+00       8.768291309735e-01 
       6.262716578240e+00       6.975564086333e-01 
       6.762325809881e+00       5.500288935316e-01 
       7.301791449077e+00       4.289271679159e-01 
       7.884293047211e+00       3.298986697152e-01 
       8.513263804891e+00       2.493563335951e-01 
       9.192410806865e+00       1.843561933411e-01 
       9.925736871166e+00       1.324825205168e-01 
       1.071756414128e+01       9.172622591250e-02 
       1.157255956041e+01       6.041987967845e-02 
       1.249576237789e+01       3.713135834698e-02 
       1.349261385000e+01       2.060757963243e-02 
       1.456898931011e+01       9.703978724498e-03 
       1.573123279727e+01       3.341488989001e-03 
       1.698619444729e+01       4.747260671411e-04 
       1.834127086665e+01       8.339762650872e-05 
       1.980444872733e+01       1.190944852106e-03 
       2.138435183937e+01       2.908380665592e-03 
       2.309029197863e+01       4.498690447584e-03 
       2.493232376942e+01       5.447515027978e-03 
       2.692130394533e+01       5.518156476123e-03 
       2.906895533764e+01       4.762822684402e-03 
       3.138793596840e+01       3.472346079797e-03 
       3.389191365541e+01       2.059993307078e-03 
       3.659564656886e+01       9.071358610049e-04 
       3.951507021438e+01       2.264865001887e-04 
       4.266739135513e+01       4.237989546668e-06 
       4.607118942658e+01       5.387432032622e-05 
       4.974652604172e+01       1.516922114408e-04 
       5.371506323193e+01       1.676565044374e-04 
       5.800019112071e+01       1.048138068038e-04 
       6.262716578240e+01       3.430374013108e-05 
       6.762325809881e+01       2.660811869134e-06 
