# Matter power spectrum P(k) at redshift z=99
# for k=1.04775e-05 to 67.6233 h/Mpc,
# number of wavenumbers equal to 246
#    1:k (h/Mpc)              2:P (Mpc/h)^3        
       1.047750691046e-05       7.261927680861e-03 
       1.131335172503e-05       7.820331652431e-03 
       1.221587619537e-05       8.421675995453e-03 
       1.319039970183e-05       9.069258201848e-03 
       1.424266597921e-05       9.766638412133e-03 
       1.537887696968e-05       1.051764070801e-02 
       1.660572937635e-05       1.132639106725e-02 
       1.793045413292e-05       1.219733232715e-02 
       1.936085902198e-05       1.313524225779e-02 
       2.090537469327e-05       1.414527123399e-02 
       2.257310435294e-05       1.523296273823e-02 
       2.437387741694e-05       1.640429446288e-02 
       2.631830744443e-05       1.766569584058e-02 
       2.841785469300e-05       1.902408737005e-02 
       3.068489366414e-05       2.048692972772e-02 
       3.313278603720e-05       2.206225515942e-02 
       3.577595942169e-05       2.375870707438e-02 
       3.862999239199e-05       2.558560730202e-02 
       4.171170630578e-05       2.755297766277e-02 
       4.503926444729e-05       2.967161930473e-02 
       4.863227907969e-05       3.195316454233e-02 
       5.251192703764e-05       3.441013522947e-02 
       5.670107454120e-05       3.705601726473e-02 
       6.122441196689e-05       3.990533417798e-02 
       6.610859936996e-05       4.297372172777e-02 
       7.138242361596e-05       4.627802146614e-02 
       7.707696804727e-05       4.983636199464e-02 
       8.322579568497e-05       5.366826852944e-02 
       8.986514704559e-05       5.779476400720e-02 
       9.703415373875e-05       6.223848250510e-02 
       1.047750691046e-04       6.702379872774e-02 
       1.131335172503e-04       7.217695161063e-02 
       1.221587619537e-04       7.772619081845e-02 
       1.319039970183e-04       8.370193441285e-02 
       1.424266597921e-04       9.013692517144e-02 
       1.537887696968e-04       9.706641252902e-02 
       1.660572937635e-04       1.045283355384e-01 
       1.793045413292e-04       1.125635350266e-01 
       1.936085902198e-04       1.212159616259e-01 
       2.090537469327e-04       1.305329134104e-01 
       2.257310435294e-04       1.405652847711e-01 
       2.437387741694e-04       1.513678304151e-01 
       2.631830744443e-04       1.629994506605e-01 
       2.841785469300e-04       1.755234923092e-01 
       3.068489366414e-04       1.890080672425e-01 
       3.313278603720e-04       2.035264004601e-01 
       3.577595942169e-04       2.191571806013e-01 
       3.862999239199e-04       2.359849440103e-01 
       4.171170630578e-04       2.541004744243e-01 
       4.503926444729e-04       2.736012083189e-01 
       4.863227907969e-04       2.945916794099e-01 
       5.251192703764e-04       3.171839528558e-01 
       5.670107454121e-04       3.414980767635e-01 
       6.122441196689e-04       3.676625417011e-01 
       6.610859936996e-04       3.958147256513e-01 
       7.138242361596e-04       4.261013289359e-01 
       7.707696804727e-04       4.586787797351e-01 
       8.322579568497e-04       4.937136006286e-01 
       8.986514704559e-04       5.313826807049e-01 
       9.703415373875e-04       5.718734978233e-01 
       1.047750691046e-03       6.153841636041e-01 
       1.131335172503e-03       6.621233246495e-01 
       1.221587619537e-03       7.123098228001e-01 
       1.319039970183e-03       7.661720592889e-01 
       1.424266597921e-03       8.239546306466e-01 
       1.537887696968e-03       8.859011182851e-01 
       1.660572937635e-03       9.522588016482e-01 
       1.793045413292e-03       1.023280100902e+00 
       1.936085902198e-03       1.099216305740e+00 
       2.090537469327e-03       1.180312991699e+00 
       2.257310435294e-03       1.266804117187e+00 
       2.437387741694e-03       1.358904854834e+00 
       2.631830744443e-03       1.456802684686e+00 
       2.841785469300e-03       1.560646892157e+00 
       3.068489366414e-03       1.670536064244e+00 
       3.313278603720e-03       1.786503854034e+00 
       3.577595942169e-03       1.908502932770e+00 
       3.862999239199e-03       2.036387732816e+00 
       4.171170630578e-03       2.169896194442e+00 
       4.503926444729e-03       2.308631881359e+00 
       4.863227907969e-03       2.452047293460e+00 
       5.251192703764e-03       2.599430630722e+00 
       5.670107454120e-03       2.749896934599e+00 
       6.122441196689e-03       2.902386516275e+00 
       6.610859936996e-03       3.055668631536e+00 
       7.138242361596e-03       3.208356464661e+00 
       7.707696804727e-03       3.358923895875e+00 
       8.322579568496e-03       3.505725083677e+00 
       8.986514704559e-03       3.647009553204e+00 
       9.703415373875e-03       3.780923307827e+00 
       1.047750691046e-02       3.905490808988e+00 
       1.131335172503e-02       4.018588224824e+00 
       1.221587619537e-02       4.117901586743e+00 
       1.319039970183e-02       4.200915420733e+00 
       1.424266597920e-02       4.264941859790e+00 
       1.537887696964e-02       4.307217687401e+00 
       1.660572937560e-02       4.325064323185e+00 
       1.793045412207e-02       4.316054939354e+00 
       1.936085889642e-02       4.278232892223e+00 
       2.090537351881e-02       4.210201038282e+00 
       2.257309534705e-02       4.111423598971e+00 
       2.437382002240e-02       3.982427469113e+00 
       2.631799943729e-02       3.825164075751e+00 
       2.841644544598e-02       3.643271730504e+00 
       3.067933354524e-02       3.442189449123e+00 
       3.311368469821e-02       3.229247229693e+00 
       3.571840442514e-02       3.013513817665e+00 
       3.847720347390e-02       2.805278450218e+00 
       4.135335537314e-02       2.614413731702e+00 
       4.429361666563e-02       2.448136942899e+00 
       4.724366437916e-02       2.309237786105e+00 
       5.016480834039e-02       2.196113342444e+00 
       5.303989618930e-02       2.104362324615e+00 
       5.586870668205e-02       2.028469044419e+00 
       5.866042679206e-02       1.963153145574e+00 
       6.142798931504e-02       1.903774997176e+00 
       6.418496438662e-02       1.846475711214e+00 
       6.694418832236e-02       1.788196074933e+00 
       6.971731104453e-02       1.726717747904e+00 
       7.251476154108e-02       1.660651112452e+00 
       7.534587669814e-02       1.589470266391e+00 
       7.821907664495e-02       1.513437452583e+00 
       8.114203771084e-02       1.433569551884e+00 
       8.412184533139e-02       1.351493348489e+00 
       8.716512277352e-02       1.269274806181e+00 
       9.027813693913e-02       1.189194034015e+00 
       9.346688429613e-02       1.113502013532e+00 
       9.673716026122e-02       1.044174954817e+00 
       1.000946150608e-01       9.826973423960e-01 
       1.035447986307e-01       9.299358222951e-01 
       1.070931966524e-01       8.859619533384e-01 
       1.107452594180e-01       8.500705451408e-01 
       1.145064248899e-01       8.208027302016e-01 
       1.183821370656e-01       7.960256408622e-01 
       1.223778605591e-01       7.731454968381e-01 
       1.264990921707e-01       7.494530252708e-01 
       1.307513701078e-01       7.225569400964e-01 
       1.351402814485e-01       6.909080489116e-01 
       1.396714683894e-01       6.541802683351e-01 
       1.443506337875e-01       6.134287525093e-01 
       1.491835464900e-01       5.708672970722e-01 
       1.541760469368e-01       5.293631003344e-01 
       1.593340535209e-01       4.917112276888e-01 
       1.646635701934e-01       4.599204629132e-01 
       1.701706958081e-01       4.347279283001e-01 
       1.758616357070e-01       4.154080400739e-01 
       1.817427160581e-01       3.999375357154e-01 
       1.878204014651e-01       3.856830921319e-01 
       1.941013163855e-01       3.698094800804e-01 
       2.005922709060e-01       3.505457351745e-01 
       2.073002914514e-01       3.280433866911e-01 
       2.142326570343e-01       3.042141752494e-01 
       2.213969417044e-01       2.816120705041e-01 
       2.288010639201e-01       2.622576248859e-01 
       2.364533436625e-01       2.469621941642e-01 
       2.443625682390e-01       2.350133731723e-01 
       2.525380678946e-01       2.244180789334e-01 
       2.609898025770e-01       2.130943469829e-01 
       2.697284614969e-01       2.001006979803e-01 
       2.787655775073e-01       1.860196732320e-01 
       2.881136588192e-01       1.725173297215e-01 
       2.977863412019e-01       1.610659398525e-01 
       3.077985646248e-01       1.517609425185e-01 
       3.181667793367e-01       1.435591469042e-01 
       3.289091877084e-01       1.351814941911e-01 
       3.400460298905e-01       1.261644699713e-01 
       3.515999235695e-01       1.172018110432e-01 
       3.635962710278e-01       1.091770808122e-01 
       3.760637505499e-01       1.023095760177e-01 
       3.890349143014e-01       9.593763578125e-02 
       4.025469215929e-01       8.950750030771e-02 
       4.166424455447e-01       8.311188694785e-02 
       4.313708034899e-01       7.721562357613e-02 
       4.467893781976e-01       7.190055159687e-02 
       4.629654198623e-01       6.686905187077e-02 
       4.799783500912e-01       6.191756020408e-02 
       4.979227318246e-01       5.722229399997e-02 
       5.169121269689e-01       5.290292462956e-02 
       5.370841403262e-01       4.876984611068e-02 
       5.586070463286e-01       4.479081453311e-02 
       5.816885093582e-01       4.105190389698e-02 
       6.065870143577e-01       3.748986368897e-02 
       6.336266466978e-01       3.407629105988e-02 
       6.632156057925e-01       3.083462699330e-02 
       6.958678637575e-01       2.772833261973e-02 
       7.322247983784e-01       2.476708917478e-02 
       7.730680193171e-01       2.193961890155e-02 
       8.193049551574e-01       1.925612799467e-02 
       8.718988013754e-01       1.672931564679e-02 
       9.317218028590e-01       1.438423664611e-02 
       9.993660906273e-01       1.225068795565e-02 
       1.075037109879e+00       1.035261633383e-02 
       1.158653485387e+00       8.699694622100e-03 
       1.250099156961e+00       7.284595720272e-03 
       1.349432400897e+00       6.085453024286e-03 
       1.456947456991e+00       5.075729044532e-03 
       1.573135110893e+00       4.228321278812e-03 
       1.698621895119e+00       3.518539250593e-03 
       1.834127512423e+00       2.924970994084e-03 
       1.980444933977e+00       2.429163636923e-03 
       2.138435191130e+00       2.015512525363e-03 
       2.309029198543e+00       1.670776760381e-03 
       2.493232376993e+00       1.383788364495e-03 
       2.692130394536e+00       1.145135259625e-03 
       2.906895533764e+00       9.468569478645e-04 
       3.138793596840e+00       7.822903658917e-04 
       3.389191365541e+00       6.458274449037e-04 
       3.659564656886e+00       5.327745488060e-04 
       3.951507021438e+00       4.391885113501e-04 
       4.266739135513e+00       3.617914784680e-04 
       4.607118942658e+00       2.978287985467e-04 
       4.974652604172e+00       2.450140910870e-04 
       5.371506323193e+00       2.014363321664e-04 
       5.800019112071e+00       1.655069179269e-04 
       6.262716578240e+00       1.359034318546e-04 
       6.762325809881e+00       1.115306635346e-04 
       7.301791449077e+00       9.147604714664e-05 
       7.884293047211e+00       7.498675404811e-05 
       8.513263804891e+00       6.143663860135e-05 
       9.192410806865e+00       5.030815156259e-05 
       9.925736871166e+00       4.117504526343e-05 
       1.071756414128e+01       3.368339932058e-05 
       1.157255956041e+01       2.754135820764e-05 
       1.249576237789e+01       2.250900479238e-05 
       1.349261385000e+01       1.838769236655e-05 
       1.456898931011e+01       1.501421386424e-05 
       1.573123279727e+01       1.225441778057e-05 
       1.698619444729e+01       9.997638925378e-06 
       1.834127086665e+01       8.153183582190e-06 
       1.980444872733e+01       6.646270589317e-06 
       2.138435183937e+01       5.415726218642e-06 
       2.309029197863e+01       4.411325353210e-06 
       2.493232376942e+01       3.591860308261e-06 
       2.692130394533e+01       2.923549242985e-06 
       2.906895533764e+01       2.378750511709e-06 
       3.138793596840e+01       1.934757038804e-06 
       3.389191365541e+01       1.573113564105e-06 
       3.659564656886e+01       1.278636475747e-06 
       3.951507021438e+01       1.038919146244e-06 
       4.266739135513e+01       8.438622264821e-07 
       4.607118942658e+01       6.852086752786e-07 
       4.974652604172e+01       5.562045818106e-07 
       5.371506323193e+01       4.513429600465e-07 
       5.800019112071e+01       3.661316399293e-07 
       6.262716578240e+01       2.969126379938e-07 
       6.762325809881e+01       2.407031120312e-07 
