# Matter power spectrum P(k) at redshift z=0
# for k=1.04775e-05 to 67.6233 h/Mpc,
# number of wavenumbers equal to 246
#    1:k (h/Mpc)              2:P (Mpc/h)^3        
       1.047750691046e-05       5.020964811308e+01 
       1.131335172503e-05       5.407050701928e+01 
       1.221587619537e-05       5.822819068821e+01 
       1.319039970183e-05       6.270562594775e+01 
       1.424266597921e-05       6.752732240880e+01 
       1.537887696968e-05       7.271977206173e+01 
       1.660572937635e-05       7.831147247912e+01 
       1.793045413292e-05       8.433311821988e+01 
       1.936085902198e-05       9.081778249833e+01 
       2.090537469327e-05       9.780108069297e+01 
       2.257310435294e-05       1.053213197893e+02 
       2.437387741694e-05       1.134197377890e+02 
       2.631830744443e-05       1.221408203810e+02 
       2.841785469300e-05       1.315324642468e+02 
       3.068489366414e-05       1.416462094882e+02 
       3.313278603720e-05       1.525374501932e+02 
       3.577595942169e-05       1.642660688414e+02 
       3.862999239199e-05       1.768963506307e+02 
       4.171170630578e-05       1.904975994010e+02 
       4.503926444729e-05       2.051444491974e+02 
       4.863227907969e-05       2.209171465549e+02 
       5.251192703764e-05       2.379022224249e+02 
       5.670107454120e-05       2.561927927656e+02 
       6.122441196689e-05       2.758890444040e+02 
       6.610859936996e-05       2.970989227882e+02 
       7.138242361596e-05       3.199385560802e+02 
       7.707696804727e-05       3.445329783680e+02 
       8.322579568497e-05       3.710167318946e+02 
       8.986514704559e-05       3.995346444203e+02 
       9.703415373875e-05       4.302425407383e+02 
       1.047750691046e-04       4.633080766742e+02 
       1.131335172503e-04       4.989116271564e+02 
       1.221587619537e-04       5.372471950929e+02 
       1.319039970183e-04       5.785234129345e+02 
       1.424266597921e-04       6.229645936045e+02 
       1.537887696968e-04       6.708118490405e+02 
       1.660572937635e-04       7.223242666092e+02 
       1.793045413292e-04       7.777801560261e+02 
       1.936085902198e-04       8.374783614140e+02 
       2.090537469327e-04       9.017396271824e+02 
       2.257310435294e-04       9.709080268041e+02 
       2.437387741694e-04       1.045352449493e+03 
       2.631830744443e-04       1.125468123750e+03 
       2.841785469300e-04       1.211678180495e+03 
       3.068489366414e-04       1.304435250150e+03 
       3.313278603720e-04       1.404223053681e+03 
       3.577595942169e-04       1.511558014616e+03 
       3.862999239199e-04       1.626990837752e+03 
       4.171170630578e-04       1.751108028790e+03 
       4.503926444729e-04       1.884533382871e+03 
       4.863227907969e-04       2.027929378112e+03 
       5.251192703764e-04       2.181998448133e+03 
       5.670107454121e-04       2.347484102755e+03 
       6.122441196689e-04       2.525171871365e+03 
       6.610859936996e-04       2.715889983591e+03 
       7.138242361596e-04       2.920509688384e+03 
       7.707696804727e-04       3.139945100279e+03 
       8.322579568497e-04       3.375152337583e+03 
       8.986514704559e-04       3.627127831140e+03 
       9.703415373875e-04       3.896905453136e+03 
       1.047750691046e-03       4.185552174303e+03 
       1.131335172503e-03       4.494162430373e+03 
       1.221587619537e-03       4.823850706498e+03 
       1.319039970183e-03       5.175742742827e+03 
       1.424266597921e-03       5.551019596915e+03 
       1.537887696968e-03       5.950788340545e+03 
       1.660572937635e-03       6.376123051776e+03 
       1.793045413292e-03       6.828073901443e+03 
       1.936085902198e-03       7.307625381064e+03 
       2.090537469327e-03       7.815671903990e+03 
       2.257310435294e-03       8.352990375821e+03 
       2.437387741694e-03       8.920211064339e+03 
       2.631830744443e-03       9.517783069102e+03 
       2.841785469300e-03       1.014593704434e+04 
       3.068489366414e-03       1.080464502800e+04 
       3.313278603720e-03       1.149357460341e+04 
       3.577595942169e-03       1.221203621717e+04 
       3.862999239199e-03       1.295892539439e+04 
       4.171170630578e-03       1.373266009256e+04 
       4.503926444729e-03       1.453111835609e+04 
       4.863227907969e-03       1.535154985233e+04 
       5.251192703764e-03       1.619063614256e+04 
       5.670107454120e-03       1.704431257638e+04 
       6.122441196689e-03       1.790755939738e+04 
       6.610859936996e-03       1.877460425080e+04 
       7.138242361596e-03       1.963872430730e+04 
       7.707696804727e-03       2.049215714420e+04 
       8.322579568496e-03       2.132607233759e+04 
       8.986514704559e-03       2.213055077022e+04 
       9.703415373875e-03       2.289445473582e+04 
       1.047750691046e-02       2.360548789757e+04 
       1.131335172503e-02       2.425022936037e+04 
       1.221587619537e-02       2.481423920855e+04 
       1.319039970183e-02       2.528218621582e+04 
       1.424266597920e-02       2.563814168842e+04 
       1.537887696964e-02       2.586606883123e+04 
       1.660572937560e-02       2.595027612699e+04 
       1.793045412207e-02       2.587636158372e+04 
       1.936085889642e-02       2.563219676383e+04 
       2.090537351881e-02       2.520936716898e+04 
       2.257309534705e-02       2.460446348599e+04 
       2.437382002240e-02       2.382090760688e+04 
       2.631799943729e-02       2.287044670533e+04 
       2.841644544598e-02       2.177445290684e+04 
       3.067933354524e-02       2.056556264893e+04 
       3.311368469821e-02       1.928725606117e+04 
       3.571840442514e-02       1.799400967838e+04 
       3.847720347390e-02       1.674682852429e+04 
       4.135335537314e-02       1.560458328282e+04 
       4.429361666563e-02       1.461038693445e+04 
       4.724366437916e-02       1.378055071959e+04 
       5.016480834039e-02       1.310504387298e+04 
       5.303989618930e-02       1.255716703608e+04 
       5.586870668205e-02       1.210425495679e+04 
       5.866042679206e-02       1.171464285941e+04 
       6.142798931504e-02       1.136046055895e+04 
       6.418496438662e-02       1.101855697921e+04 
       6.694418832236e-02       1.067066238658e+04 
       6.971731104453e-02       1.030354971915e+04 
       7.251476154108e-02       9.908990939599e+03 
       7.534587669814e-02       9.483761243669e+03 
       7.821907664495e-02       9.029509290756e+03 
       8.114203771084e-02       8.552290855511e+03 
       8.412184533139e-02       8.061898517068e+03 
       8.716512277352e-02       7.570752488875e+03 
       9.027813693913e-02       7.092465557919e+03 
       9.346688429613e-02       6.640497399674e+03 
       9.673716026122e-02       6.226688121246e+03 
       1.000946150608e-01       5.859934067211e+03 
       1.035447986307e-01       5.545224828091e+03 
       1.070931966524e-01       5.283131924055e+03 
       1.107452594180e-01       5.069388478796e+03 
       1.145064248899e-01       4.895227071822e+03 
       1.183821370656e-01       4.747818340556e+03 
       1.223778605591e-01       4.611703277889e+03 
       1.264990921707e-01       4.470573955643e+03 
       1.307513701078e-01       4.310235491886e+03 
       1.351402814485e-01       4.121347756124e+03 
       1.396714683894e-01       3.902002671782e+03 
       1.443506337875e-01       3.658597794076e+03 
       1.491835464900e-01       3.404428734712e+03 
       1.541760469368e-01       3.156621702152e+03 
       1.593340535209e-01       2.931922888295e+03 
       1.646635701934e-01       2.742314676169e+03 
       1.701706958081e-01       2.592193800796e+03 
       1.758616357070e-01       2.477171292850e+03 
       1.817427160581e-01       2.385103402894e+03 
       1.878204014651e-01       2.300275423678e+03 
       1.941013163855e-01       2.205674499751e+03 
       2.005922709060e-01       2.090724720643e+03 
       2.073002914514e-01       1.956374034328e+03 
       2.142326570343e-01       1.814089535408e+03 
       2.213969417044e-01       1.679190073178e+03 
       2.288010639201e-01       1.563735322022e+03 
       2.364533436625e-01       1.472573093898e+03 
       2.443625682390e-01       1.401392057961e+03 
       2.525380678946e-01       1.338285998271e+03 
       2.609898025770e-01       1.270763905096e+03 
       2.697284614969e-01       1.193237550905e+03 
       2.787655775073e-01       1.109182962881e+03 
       2.881136588192e-01       1.028608295831e+03 
       2.977863412019e-01       9.603134027838e+02 
       3.077985646248e-01       9.048476302268e+02 
       3.181667793367e-01       8.559625346977e+02 
       3.289091877084e-01       8.059933863082e+02 
       3.400460298905e-01       7.521899881509e+02 
       3.515999235695e-01       6.987089497165e+02 
       3.635962710278e-01       6.508398644538e+02 
       3.760637505499e-01       6.098898026453e+02 
       3.890349143014e-01       5.718889914277e+02 
       4.025469215929e-01       5.335255412466e+02 
       4.166424455447e-01       4.953640696357e+02 
       4.313708034899e-01       4.601886784041e+02 
       4.467893781976e-01       4.284836845216e+02 
       4.629654198623e-01       3.984659192272e+02 
       4.799783500912e-01       3.689184975284e+02 
       4.979227318246e-01       3.409027973280e+02 
       5.169121269689e-01       3.151305861360e+02 
       5.370841403262e-01       2.904642805711e+02 
       5.586070463286e-01       2.667169559476e+02 
       5.816885093582e-01       2.443998185863e+02 
       6.065870143577e-01       2.231366889204e+02 
       6.336266466978e-01       2.027564054812e+02 
       6.632156057925e-01       1.834008706122e+02 
       6.958678637575e-01       1.648489649425e+02 
       7.322247983784e-01       1.471599869628e+02 
       7.730680193171e-01       1.302644325519e+02 
       8.193049551574e-01       1.142252041364e+02 
       8.718988013754e-01       9.911517081928e+01 
       9.317218028590e-01       8.508395317943e+01 
       9.993660906273e-01       7.230987049191e+01 
       1.075037109879e+00       6.093506714475e+01 
       1.158653485387e+00       5.101902359440e+01 
       1.250099156961e+00       4.251762366516e+01 
       1.349432400897e+00       3.530245987847e+01 
       1.456947456991e+00       2.921507510988e+01 
       1.573135110893e+00       2.409478371924e+01 
       1.698621895119e+00       1.979544253335e+01 
       1.834127512423e+00       1.618993479153e+01 
       1.980444933977e+00       1.316933497428e+01 
       2.138435191130e+00       1.064233266255e+01 
       2.309029198543e+00       8.531248194191e+00 
       2.493232376993e+00       6.771443746306e+00 
       2.692130394536e+00       5.308782021174e+00 
       2.906895533764e+00       4.098366065361e+00 
       3.138793596840e+00       3.102763281082e+00 
       3.389191365541e+00       2.291089311160e+00 
       3.659564656886e+00       1.637773146328e+00 
       3.951507021438e+00       1.121494203387e+00 
       4.266739135513e+00       7.240979101911e-01 
       4.607118942658e+00       4.297659593179e-01 
       4.974652604172e+00       2.240491123871e-01 
       5.371506323193e+00       9.315491045172e-02 
       5.800019112071e+00       2.328039447515e-02 
       6.262716578240e+00       2.976740013756e-04 
       6.762325809881e+00       9.738521640857e-03 
       7.301791449077e+00       3.725410155701e-02 
       7.884293047211e+00       6.951696965036e-02 
       8.513263804891e+00       9.547575992099e-02 
       9.192410806865e+00       1.077130464959e-01 
       9.925736871166e+00       1.034822864144e-01 
       1.071756414128e+01       8.495345560135e-02 
       1.157255956041e+01       5.827526836266e-02 
       1.249576237789e+01       3.141709464216e-02 
       1.349261385000e+01       1.132210306952e-02 
       1.456898931011e+01       1.389640667300e-03 
       1.573123279727e+01       4.734465887607e-04 
       1.698619444729e+01       4.056988799355e-03 
       1.834127086665e+01       7.107130634276e-03 
       1.980444872733e+01       6.929844316480e-03 
       2.138435183937e+01       4.159040759734e-03 
       2.309029197863e+01       1.270218479577e-03 
       2.493232376942e+01       3.699785206545e-05 
       2.692130394533e+01       2.460378453798e-04 
       2.906895533764e+01       6.128342920847e-04 
       3.138793596840e+01       4.569414579409e-04 
       3.389191365541e+01       1.102851525043e-04 
       3.659564656886e+01       6.412161082344e-07 
       3.951507021438e+01       4.840606513611e-05 
       4.266739135513e+01       4.296049861844e-05 
       4.607118942658e+01       5.521718987850e-06 
       4.974652604172e+01       1.942279791396e-06 
       5.371506323193e+01       4.983489934325e-06 
       5.800019112071e+01       7.344928488500e-07 
       6.262716578240e+01       2.421932057128e-07 
       6.762325809881e+01       3.479082435375e-07 
