# Matter power spectrum P(k) at redshift z=0
# for k=1.04775e-05 to 67.6233 h/Mpc,
# number of wavenumbers equal to 246
#    1:k (h/Mpc)              2:P (Mpc/h)^3        
       1.047750691046e-05       5.020964811311e+01 
       1.131335172503e-05       5.407050701925e+01 
       1.221587619537e-05       5.822819068489e+01 
       1.319039970183e-05       6.270562594777e+01 
       1.424266597921e-05       6.752732240880e+01 
       1.537887696968e-05       7.271977206173e+01 
       1.660572937635e-05       7.831147247912e+01 
       1.793045413292e-05       8.433311821988e+01 
       1.936085902198e-05       9.081778249833e+01 
       2.090537469327e-05       9.780108069297e+01 
       2.257310435294e-05       1.053213197893e+02 
       2.437387741694e-05       1.134197377890e+02 
       2.631830744443e-05       1.221408203810e+02 
       2.841785469300e-05       1.315324642463e+02 
       3.068489366414e-05       1.416462094881e+02 
       3.313278603720e-05       1.525374501932e+02 
       3.577595942169e-05       1.642660688414e+02 
       3.862999239199e-05       1.768963506307e+02 
       4.171170630578e-05       1.904975994010e+02 
       4.503926444729e-05       2.051444491973e+02 
       4.863227907969e-05       2.209171465549e+02 
       5.251192703764e-05       2.379022224249e+02 
       5.670107454120e-05       2.561927927560e+02 
       6.122441196689e-05       2.758890444041e+02 
       6.610859936996e-05       2.970989227883e+02 
       7.138242361596e-05       3.199385560802e+02 
       7.707696804727e-05       3.445329783680e+02 
       8.322579568497e-05       3.710167318946e+02 
       8.986514704559e-05       3.995346444203e+02 
       9.703415373875e-05       4.302425407383e+02 
       1.047750691046e-04       4.633080766742e+02 
       1.131335172503e-04       4.989116271565e+02 
       1.221587619537e-04       5.372471950929e+02 
       1.319039970183e-04       5.785234129337e+02 
       1.424266597921e-04       6.229645936045e+02 
       1.537887696968e-04       6.708118490405e+02 
       1.660572937635e-04       7.223242666092e+02 
       1.793045413292e-04       7.777801559630e+02 
       1.936085902198e-04       8.374783614141e+02 
       2.090537469327e-04       9.017396271824e+02 
       2.257310435294e-04       9.709080268041e+02 
       2.437387741694e-04       1.045352449493e+03 
       2.631830744443e-04       1.125468123750e+03 
       2.841785469300e-04       1.211678180495e+03 
       3.068489366414e-04       1.304435250150e+03 
       3.313278603720e-04       1.404223053681e+03 
       3.577595942169e-04       1.511558014616e+03 
       3.862999239199e-04       1.626990837751e+03 
       4.171170630578e-04       1.751108028790e+03 
       4.503926444729e-04       1.884533382872e+03 
       4.863227907969e-04       2.027929378113e+03 
       5.251192703764e-04       2.181998448133e+03 
       5.670107454121e-04       2.347484102755e+03 
       6.122441196689e-04       2.525171871365e+03 
       6.610859936996e-04       2.715889983592e+03 
       7.138242361596e-04       2.920509688383e+03 
       7.707696804727e-04       3.139945100279e+03 
       8.322579568497e-04       3.375152337578e+03 
       8.986514704559e-04       3.627127831141e+03 
       9.703415373875e-04       3.896905453136e+03 
       1.047750691046e-03       4.185552174300e+03 
       1.131335172503e-03       4.494162430373e+03 
       1.221587619537e-03       4.823850706503e+03 
       1.319039970183e-03       5.175742744267e+03 
       1.424266597921e-03       5.551019596910e+03 
       1.537887696968e-03       5.950788340557e+03 
       1.660572937635e-03       6.376123051786e+03 
       1.793045413292e-03       6.828073901451e+03 
       1.936085902198e-03       7.307625381066e+03 
       2.090537469327e-03       7.815671864919e+03 
       2.257310435294e-03       8.352990375817e+03 
       2.437387741694e-03       8.920211064320e+03 
       2.631830744443e-03       9.517783069112e+03 
       2.841785469300e-03       1.014593704435e+04 
       3.068489366414e-03       1.080464502786e+04 
       3.313278603720e-03       1.149357460344e+04 
       3.577595942169e-03       1.221203621722e+04 
       3.862999239199e-03       1.295892539446e+04 
       4.171170630578e-03       1.373266011081e+04 
       4.503926444729e-03       1.453111835625e+04 
       4.863227907969e-03       1.535154985294e+04 
       5.251192703764e-03       1.619063614521e+04 
       5.670107454120e-03       1.704431257743e+04 
       6.122441196689e-03       1.790755939664e+04 
       6.610859936996e-03       1.877460417261e+04 
       7.138242361596e-03       1.963872430427e+04 
       7.707696804727e-03       2.049215714733e+04 
       8.322579568496e-03       2.132607232101e+04 
       8.986514704559e-03       2.213055080510e+04 
       9.703415373875e-03       2.289445472415e+04 
       1.047750691046e-02       2.360548287748e+04 
       1.131335172503e-02       2.425022388396e+04 
       1.221587619537e-02       2.481423924388e+04 
       1.319039970183e-02       2.528218622970e+04 
       1.424266597920e-02       2.563814293226e+04 
       1.537887696964e-02       2.586606952728e+04 
       1.660572937560e-02       2.595027071386e+04 
       1.793045412207e-02       2.587635247875e+04 
       1.936085889642e-02       2.563221521735e+04 
       2.090537351881e-02       2.520935152209e+04 
       2.257309534705e-02       2.460447397456e+04 
       2.437382002240e-02       2.382086855527e+04 
       2.631799943729e-02       2.287046133486e+04 
       2.841644544598e-02       2.177449957262e+04 
       3.067933354524e-02       2.056551759941e+04 
       3.311368469821e-02       1.928735631179e+04 
       3.571840442514e-02       1.799404294132e+04 
       3.847720347390e-02       1.674688484148e+04 
       4.135335537314e-02       1.560461681935e+04 
       4.429361666563e-02       1.461053649986e+04 
       4.724366437916e-02       1.378053588372e+04 
       5.016480834039e-02       1.310505911861e+04 
       5.303989618930e-02       1.255715053446e+04 
       5.586870668205e-02       1.210428085490e+04 
       5.866042679206e-02       1.171464029935e+04 
       6.142798931504e-02       1.136047735425e+04 
       6.418496438662e-02       1.101860324399e+04 
       6.694418832236e-02       1.067069401154e+04 
       6.971731104453e-02       1.030357331456e+04 
       7.251476154108e-02       9.909029021280e+03 
       7.534587669814e-02       9.483767228623e+03 
       7.821907664495e-02       9.029534449668e+03 
       8.114203771084e-02       8.552313784940e+03 
       8.412184533139e-02       8.061921318252e+03 
       8.716512277352e-02       7.570770183924e+03 
       9.027813693913e-02       7.092480843018e+03 
       9.346688429613e-02       6.640520629037e+03 
       9.673716026122e-02       6.226683888472e+03 
       1.000946150608e-01       5.859907337800e+03 
       1.035447986307e-01       5.545232284662e+03 
       1.070931966524e-01       5.283128378361e+03 
       1.107452594180e-01       5.069421205886e+03 
       1.145064248899e-01       4.895257361118e+03 
       1.183821370656e-01       4.747831087999e+03 
       1.223778605591e-01       4.611743974483e+03 
       1.264990921707e-01       4.470633688508e+03 
       1.307513701078e-01       4.310265541186e+03 
       1.351402814485e-01       4.121383956899e+03 
       1.396714683894e-01       3.902067219899e+03 
       1.443506337875e-01       3.658488714061e+03 
       1.491835464900e-01       3.404477687707e+03 
       1.541760469368e-01       3.156678543318e+03 
       1.593340535209e-01       2.931978400914e+03 
       1.646635701934e-01       2.742377030225e+03 
       1.701706958081e-01       2.592258312402e+03 
       1.758616357070e-01       2.477240651453e+03 
       1.817427160581e-01       2.385182981470e+03 
       1.878204014651e-01       2.300359180470e+03 
       1.941013163855e-01       2.205759444965e+03 
       2.005922709060e-01       2.090816181972e+03 
       2.073002914514e-01       1.956467998217e+03 
       2.142326570343e-01       1.814195806740e+03 
       2.213969417044e-01       1.679279884329e+03 
       2.288010639201e-01       1.563844850024e+03 
       2.364533436625e-01       1.472685919444e+03 
       2.443625682390e-01       1.401514141982e+03 
       2.525380678946e-01       1.338412816566e+03 
       2.609898025770e-01       1.270901890113e+03 
       2.697284614969e-01       1.193382922463e+03 
       2.787655775073e-01       1.109341548272e+03 
       2.881136588192e-01       1.028768228966e+03 
       2.977863412019e-01       9.604785400966e+02 
       3.077985646248e-01       9.050234994730e+02 
       3.181667793367e-01       8.561428418475e+02 
       3.289091877084e-01       8.061874847105e+02 
       3.400460298905e-01       7.523905893311e+02 
       3.515999235695e-01       6.989217013565e+02 
       3.635962710278e-01       6.510623817189e+02 
       3.760637505499e-01       6.101223339531e+02 
       3.890349143014e-01       5.721317056924e+02 
       4.025469215929e-01       5.337826537775e+02 
       4.166424455447e-01       4.956325563722e+02 
       4.313708034899e-01       4.604678955400e+02 
       4.467893781976e-01       4.287774939646e+02 
       4.629654198623e-01       3.987718593992e+02 
       4.799783500912e-01       3.692407079782e+02 
       4.979227318246e-01       3.412393821540e+02 
       5.169121269689e-01       3.154835217437e+02 
       5.370841403262e-01       2.908349801883e+02 
       5.586070463286e-01       2.671063631353e+02 
       5.816885093582e-01       2.448092228618e+02 
       6.065870143577e-01       2.235677326756e+02 
       6.336266466978e-01       2.032105203414e+02 
       6.632156057925e-01       1.838786818247e+02 
       6.958678637575e-01       1.653541839109e+02 
       7.322247983784e-01       1.476948798194e+02 
       7.730680193171e-01       1.308331108687e+02 
       8.193049551574e-01       1.148310430201e+02 
       8.718988013754e-01       9.976204505967e+01 
       9.317218028590e-01       8.577741875468e+01 
       9.993660906273e-01       7.305403142056e+01 
       1.075037109879e+00       6.173537660847e+01 
       1.158653485387e+00       5.187829326027e+01 
       1.250099156961e+00       4.343933926527e+01 
       1.349432400897e+00       3.628825729705e+01 
       1.456947456991e+00       3.026682845650e+01 
       1.573135110893e+00       2.521321563486e+01 
       1.698621895119e+00       2.098050180066e+01 
       1.834127512423e+00       1.744079588582e+01 
       1.980444933977e+00       1.448388803087e+01 
       2.138435191130e+00       1.201699384479e+01 
       2.309029198543e+00       9.961031104315e+00 
       2.493232376993e+00       8.249535260420e+00 
       2.692130394536e+00       6.826158328350e+00 
       2.906895533764e+00       5.643549046813e+00 
       3.138793596840e+00       4.662004300045e+00 
       3.389191365541e+00       3.848005921921e+00 
       3.659564656886e+00       3.173589500706e+00 
       3.951507021438e+00       2.615286199656e+00 
       4.266739135513e+00       2.153494136633e+00 
       4.607118942658e+00       1.771805022559e+00 
       4.974652604172e+00       1.456571680861e+00 
       5.371506323193e+00       1.196418530777e+00 
       5.800019112071e+00       9.818498950768e-01 
       6.262716578240e+00       8.050037214976e-01 
       6.762325809881e+00       6.593237754934e-01 
       7.301791449077e+00       5.393965887029e-01 
       7.884293047211e+00       4.407115136536e-01 
       8.513263804891e+00       3.595496959572e-01 
       9.192410806865e+00       2.928275479594e-01 
       9.925736871166e+00       2.379984074588e-01 
       1.071756414128e+01       1.929573621443e-01 
       1.157255956041e+01       1.559728866334e-01 
       1.249576237789e+01       1.256146782225e-01 
       1.349261385000e+01       1.007094586046e-01 
       1.456898931011e+01       8.028963381644e-02 
       1.573123279727e+01       6.356383065482e-02 
       1.698619444729e+01       4.988270260403e-02 
       1.834127086665e+01       3.871733604261e-02 
       1.980444872733e+01       2.963473932506e-02 
       2.138435183937e+01       2.228293462462e-02 
       2.309029197863e+01       1.637631785204e-02 
       2.493232376942e+01       1.168235467529e-02 
       2.692130394533e+01       8.010996578757e-03 
       2.906895533764e+01       5.205111679756e-03 
       3.138793596840e+01       3.132575078157e-03 
       3.389191365541e+01       1.678332108308e-03 
       3.659564656886e+01       7.385919478316e-04 
       3.951507021438e+01       2.152138436947e-04 
       4.266739135513e+01       1.264784540050e-05 
       4.607118942658e+01       3.635356920880e-05 
       4.974652604172e+01       1.942117210019e-04 
       5.371506323193e+01       4.005701677768e-04 
       5.800019112071e+01       5.826329885288e-04 
       6.262716578240e+01       6.881489687313e-04 
       6.762325809881e+01       6.919198720244e-04 
