# Matter power spectrum P(k) at redshift z=99
# for k=1.04775e-05 to 67.6233 h/Mpc,
# number of wavenumbers equal to 246
#    1:k (h/Mpc)              2:P (Mpc/h)^3        
       1.047750691046e-05       7.261927680861e-03 
       1.131335172503e-05       7.820331652431e-03 
       1.221587619537e-05       8.421675995453e-03 
       1.319039970183e-05       9.069258201848e-03 
       1.424266597921e-05       9.766638412133e-03 
       1.537887696968e-05       1.051764070801e-02 
       1.660572937635e-05       1.132639106725e-02 
       1.793045413292e-05       1.219733232715e-02 
       1.936085902198e-05       1.313524225779e-02 
       2.090537469327e-05       1.414527123399e-02 
       2.257310435294e-05       1.523296273823e-02 
       2.437387741694e-05       1.640429446288e-02 
       2.631830744443e-05       1.766569584058e-02 
       2.841785469300e-05       1.902408737005e-02 
       3.068489366414e-05       2.048692972772e-02 
       3.313278603720e-05       2.206225515942e-02 
       3.577595942169e-05       2.375870707438e-02 
       3.862999239199e-05       2.558560730202e-02 
       4.171170630578e-05       2.755297766277e-02 
       4.503926444729e-05       2.967161930473e-02 
       4.863227907969e-05       3.195316454233e-02 
       5.251192703764e-05       3.441013522947e-02 
       5.670107454120e-05       3.705601726470e-02 
       6.122441196689e-05       3.990533417796e-02 
       6.610859936996e-05       4.297372172777e-02 
       7.138242361596e-05       4.627802146614e-02 
       7.707696804727e-05       4.983636199464e-02 
       8.322579568497e-05       5.366826852944e-02 
       8.986514704559e-05       5.779476400721e-02 
       9.703415373875e-05       6.223848250510e-02 
       1.047750691046e-04       6.702379872774e-02 
       1.131335172503e-04       7.217695161063e-02 
       1.221587619537e-04       7.772619081848e-02 
       1.319039970183e-04       8.370193441286e-02 
       1.424266597921e-04       9.013692517141e-02 
       1.537887696968e-04       9.706641252902e-02 
       1.660572937635e-04       1.045283355384e-01 
       1.793045413292e-04       1.125635350266e-01 
       1.936085902198e-04       1.212159616259e-01 
       2.090537469327e-04       1.305329134104e-01 
       2.257310435294e-04       1.405652847711e-01 
       2.437387741694e-04       1.513678304151e-01 
       2.631830744443e-04       1.629994506605e-01 
       2.841785469300e-04       1.755234923092e-01 
       3.068489366414e-04       1.890080672425e-01 
       3.313278603720e-04       2.035264004601e-01 
       3.577595942169e-04       2.191571806013e-01 
       3.862999239199e-04       2.359849440103e-01 
       4.171170630578e-04       2.541004744243e-01 
       4.503926444729e-04       2.736012083189e-01 
       4.863227907969e-04       2.945916794099e-01 
       5.251192703764e-04       3.171839528556e-01 
       5.670107454121e-04       3.414980767635e-01 
       6.122441196689e-04       3.676625417011e-01 
       6.610859936996e-04       3.958147256513e-01 
       7.138242361596e-04       4.261013289358e-01 
       7.707696804727e-04       4.586787797351e-01 
       8.322579568497e-04       4.937136006285e-01 
       8.986514704559e-04       5.313826807049e-01 
       9.703415373875e-04       5.718734978233e-01 
       1.047750691046e-03       6.153841636040e-01 
       1.131335172503e-03       6.621233246495e-01 
       1.221587619537e-03       7.123098227988e-01 
       1.319039970183e-03       7.661720592787e-01 
       1.424266597921e-03       8.239546306468e-01 
       1.537887696968e-03       8.859011182851e-01 
       1.660572937635e-03       9.522588016480e-01 
       1.793045413292e-03       1.023280100902e+00 
       1.936085902198e-03       1.099216305741e+00 
       2.090537469327e-03       1.180312991699e+00 
       2.257310435294e-03       1.266804117185e+00 
       2.437387741694e-03       1.358904854837e+00 
       2.631830744443e-03       1.456802684686e+00 
       2.841785469300e-03       1.560646892157e+00 
       3.068489366414e-03       1.670536064245e+00 
       3.313278603720e-03       1.786503854042e+00 
       3.577595942169e-03       1.908502932770e+00 
       3.862999239199e-03       2.036387732816e+00 
       4.171170630578e-03       2.169896196076e+00 
       4.503926444729e-03       2.308631881359e+00 
       4.863227907969e-03       2.452047293460e+00 
       5.251192703764e-03       2.599430630722e+00 
       5.670107454120e-03       2.749896934576e+00 
       6.122441196689e-03       2.902386516275e+00 
       6.610859936996e-03       3.055668707116e+00 
       7.138242361596e-03       3.208356464662e+00 
       7.707696804727e-03       3.358923895694e+00 
       8.322579568496e-03       3.505725598680e+00 
       8.986514704559e-03       3.647009246911e+00 
       9.703415373875e-03       3.780923307761e+00 
       1.047750691046e-02       3.905491348814e+00 
       1.131335172503e-02       4.018587962227e+00 
       1.221587619537e-02       4.117901587418e+00 
       1.319039970183e-02       4.200915366183e+00 
       1.424266597920e-02       4.264942507218e+00 
       1.537887696964e-02       4.307219329385e+00 
       1.660572937560e-02       4.325061071350e+00 
       1.793045412207e-02       4.316059039815e+00 
       1.936085889642e-02       4.278231413594e+00 
       2.090537351881e-02       4.210201573050e+00 
       2.257309534705e-02       4.111422704349e+00 
       2.437382002240e-02       3.982416120574e+00 
       2.631799943729e-02       3.825172362516e+00 
       2.841644544598e-02       3.643271992287e+00 
       3.067933354524e-02       3.442190980532e+00 
       3.311368469821e-02       3.229234777767e+00 
       3.571840442514e-02       3.013519944646e+00 
       3.847720347390e-02       2.805279515658e+00 
       4.135335537314e-02       2.614417487717e+00 
       4.429361666563e-02       2.448140322417e+00 
       4.724366437916e-02       2.309237848756e+00 
       5.016480834039e-02       2.196111573265e+00 
       5.303989618930e-02       2.104369094867e+00 
       5.586870668205e-02       2.028461115782e+00 
       5.866042679206e-02       1.963153541747e+00 
       6.142798931504e-02       1.903779846189e+00 
       6.418496438662e-02       1.846478309477e+00 
       6.694418832236e-02       1.788195207864e+00 
       6.971731104453e-02       1.726714763948e+00 
       7.251476154108e-02       1.660652998639e+00 
       7.534587669814e-02       1.589471305164e+00 
       7.821907664495e-02       1.513437493699e+00 
       8.114203771084e-02       1.433567519055e+00 
       8.412184533139e-02       1.351492761789e+00 
       8.716512277352e-02       1.269273719665e+00 
       9.027813693913e-02       1.189197273533e+00 
       9.346688429613e-02       1.113503049922e+00 
       9.673716026122e-02       1.044175976990e+00 
       1.000946150608e-01       9.827022393140e-01 
       1.035447986307e-01       9.299379445550e-01 
       1.070931966524e-01       8.859599564455e-01 
       1.107452594180e-01       8.500684679262e-01 
       1.145064248899e-01       8.208044627339e-01 
       1.183821370656e-01       7.960263362448e-01 
       1.223778605591e-01       7.731468344741e-01 
       1.264990921707e-01       7.494512555705e-01 
       1.307513701078e-01       7.225575241695e-01 
       1.351402814485e-01       6.909081991101e-01 
       1.396714683894e-01       6.541802469532e-01 
       1.443506337875e-01       6.134267059872e-01 
       1.491835464900e-01       5.708678293235e-01 
       1.541760469368e-01       5.293638834136e-01 
       1.593340535209e-01       4.917106533684e-01 
       1.646635701934e-01       4.599198120609e-01 
       1.701706958081e-01       4.347278678348e-01 
       1.758616357070e-01       4.154082921774e-01 
       1.817427160581e-01       3.999370995220e-01 
       1.878204014651e-01       3.856836088745e-01 
       1.941013163855e-01       3.698089769061e-01 
       2.005922709060e-01       3.505467142463e-01 
       2.073002914514e-01       3.280433731043e-01 
       2.142326570343e-01       3.042134272506e-01 
       2.213969417044e-01       2.816120865853e-01 
       2.288010639201e-01       2.622570699711e-01 
       2.364533436625e-01       2.469619622020e-01 
       2.443625682390e-01       2.350123845362e-01 
       2.525380678946e-01       2.244180699915e-01 
       2.609898025770e-01       2.130940178459e-01 
       2.697284614969e-01       2.001013726383e-01 
       2.787655775073e-01       1.860206034035e-01 
       2.881136588192e-01       1.725171576658e-01 
       2.977863412019e-01       1.610664243234e-01 
       3.077985646248e-01       1.517613829604e-01 
       3.181667793367e-01       1.435593416986e-01 
       3.289091877084e-01       1.351816762246e-01 
       3.400460298905e-01       1.261643556835e-01 
       3.515999235695e-01       1.172020662988e-01 
       3.635962710278e-01       1.091771336811e-01 
       3.760637505499e-01       1.023095916494e-01 
       3.890349143014e-01       9.593789758546e-02 
       4.025469215929e-01       8.950776304112e-02 
       4.166424455447e-01       8.311166299465e-02 
       4.313708034899e-01       7.721567311991e-02 
       4.467893781976e-01       7.190051395905e-02 
       4.629654198623e-01       6.686878768568e-02 
       4.799783500912e-01       6.191752318286e-02 
       4.979227318246e-01       5.722232735864e-02 
       5.169121269689e-01       5.290316161746e-02 
       5.370841403262e-01       4.876987282768e-02 
       5.586070463286e-01       4.479095981719e-02 
       5.816885093582e-01       4.105189217690e-02 
       6.065870143577e-01       3.748986599211e-02 
       6.336266466978e-01       3.407629079965e-02 
       6.632156057925e-01       3.083461486949e-02 
       6.958678637575e-01       2.772838516690e-02 
       7.322247983784e-01       2.476717870317e-02 
       7.730680193171e-01       2.193956264010e-02 
       8.193049551574e-01       1.925614407070e-02 
       8.718988013754e-01       1.672933052635e-02 
       9.317218028590e-01       1.438421767637e-02 
       9.993660906273e-01       1.225070561861e-02 
       1.075037109879e+00       1.035261695451e-02 
       1.158653485387e+00       8.699710871787e-03 
       1.250099156961e+00       7.284579825614e-03 
       1.349432400897e+00       6.085479910022e-03 
       1.456947456991e+00       5.075730512564e-03 
       1.573135110893e+00       4.228319514430e-03 
       1.698621895119e+00       3.518534384411e-03 
       1.834127512423e+00       2.924986365846e-03 
       1.980444933977e+00       2.429163273849e-03 
       2.138435191130e+00       2.015506309909e-03 
       2.309029198543e+00       1.670771393516e-03 
       2.493232376993e+00       1.383796216860e-03 
       2.692130394536e+00       1.145136433841e-03 
       2.906895533764e+00       9.468552369701e-04 
       3.138793596840e+00       7.822934457019e-04 
       3.389191365541e+00       6.458245010660e-04 
       3.659564656886e+00       5.327680841642e-04 
       3.951507021438e+00       4.391870337994e-04 
       4.266739135513e+00       3.617890035298e-04 
       4.607118942658e+00       2.978285240658e-04 
       4.974652604172e+00       2.450132409358e-04 
       5.371506323193e+00       2.014367449063e-04 
       5.800019112071e+00       1.655067195595e-04 
       6.262716578240e+00       1.359037101654e-04 
       6.762325809881e+00       1.115304787980e-04 
       7.301791449077e+00       9.147579472613e-05 
       7.884293047211e+00       7.498632252433e-05 
       8.513263804891e+00       6.143596794066e-05 
       9.192410806865e+00       5.030866608219e-05 
       9.925736871166e+00       4.117524167568e-05 
       1.071756414128e+01       3.368340346041e-05 
       1.157255956041e+01       2.754141795463e-05 
       1.249576237789e+01       2.250885245799e-05 
       1.349261385000e+01       1.838750037435e-05 
       1.456898931011e+01       1.501417523257e-05 
       1.573123279727e+01       1.225442501628e-05 
       1.698619444729e+01       9.997580048608e-06 
       1.834127086665e+01       8.153097956461e-06 
       1.980444872733e+01       6.646248939940e-06 
       2.138435183937e+01       5.415749981881e-06 
       2.309029197863e+01       4.411327507186e-06 
       2.493232376942e+01       3.591884474246e-06 
       2.692130394533e+01       2.923574114928e-06 
       2.906895533764e+01       2.378732457209e-06 
       3.138793596840e+01       1.934770496863e-06 
       3.389191365541e+01       1.573111182472e-06 
       3.659564656886e+01       1.278619756744e-06 
       3.951507021438e+01       1.038906426257e-06 
       4.266739135513e+01       8.438652800716e-07 
       4.607118942658e+01       6.852127279855e-07 
       4.974652604172e+01       5.562001192719e-07 
       5.371506323193e+01       4.513435230344e-07 
       5.800019112071e+01       3.661301003744e-07 
       6.262716578240e+01       2.969122132253e-07 
       6.762325809881e+01       2.407070898682e-07 
