# Matter power spectrum P(k) at redshift z=99
# for k=1.04775e-05 to 67.6233 h/Mpc,
# number of wavenumbers equal to 246
#    1:k (h/Mpc)              2:P (Mpc/h)^3        
       1.047750691046e-05       7.261927680861e-03 
       1.131335172503e-05       7.820331652431e-03 
       1.221587619537e-05       8.421675995454e-03 
       1.319039970183e-05       9.069258201848e-03 
       1.424266597921e-05       9.766638412133e-03 
       1.537887696968e-05       1.051764070801e-02 
       1.660572937635e-05       1.132639106725e-02 
       1.793045413292e-05       1.219733232715e-02 
       1.936085902198e-05       1.313524225779e-02 
       2.090537469327e-05       1.414527123399e-02 
       2.257310435294e-05       1.523296273823e-02 
       2.437387741694e-05       1.640429446288e-02 
       2.631830744443e-05       1.766569584058e-02 
       2.841785469300e-05       1.902408737005e-02 
       3.068489366414e-05       2.048692972772e-02 
       3.313278603720e-05       2.206225515942e-02 
       3.577595942169e-05       2.375870707438e-02 
       3.862999239199e-05       2.558560730202e-02 
       4.171170630578e-05       2.755297766277e-02 
       4.503926444729e-05       2.967161930474e-02 
       4.863227907969e-05       3.195316454233e-02 
       5.251192703764e-05       3.441013522947e-02 
       5.670107454120e-05       3.705601726470e-02 
       6.122441196689e-05       3.990533417796e-02 
       6.610859936996e-05       4.297372172777e-02 
       7.138242361596e-05       4.627802146614e-02 
       7.707696804727e-05       4.983636199464e-02 
       8.322579568497e-05       5.366826852944e-02 
       8.986514704559e-05       5.779476400721e-02 
       9.703415373875e-05       6.223848250510e-02 
       1.047750691046e-04       6.702379872774e-02 
       1.131335172503e-04       7.217695161063e-02 
       1.221587619537e-04       7.772619081844e-02 
       1.319039970183e-04       8.370193441285e-02 
       1.424266597921e-04       9.013692517141e-02 
       1.537887696968e-04       9.706641252902e-02 
       1.660572937635e-04       1.045283355384e-01 
       1.793045413292e-04       1.125635350266e-01 
       1.936085902198e-04       1.212159616259e-01 
       2.090537469327e-04       1.305329134104e-01 
       2.257310435294e-04       1.405652847711e-01 
       2.437387741694e-04       1.513678304151e-01 
       2.631830744443e-04       1.629994506605e-01 
       2.841785469300e-04       1.755234923092e-01 
       3.068489366414e-04       1.890080672425e-01 
       3.313278603720e-04       2.035264004601e-01 
       3.577595942169e-04       2.191571806013e-01 
       3.862999239199e-04       2.359849440104e-01 
       4.171170630578e-04       2.541004744243e-01 
       4.503926444729e-04       2.736012083189e-01 
       4.863227907969e-04       2.945916794099e-01 
       5.251192703764e-04       3.171839528557e-01 
       5.670107454121e-04       3.414980767635e-01 
       6.122441196689e-04       3.676625417011e-01 
       6.610859936996e-04       3.958147256513e-01 
       7.138242361596e-04       4.261013289358e-01 
       7.707696804727e-04       4.586787797352e-01 
       8.322579568497e-04       4.937136006299e-01 
       8.986514704559e-04       5.313826807049e-01 
       9.703415373875e-04       5.718734978233e-01 
       1.047750691046e-03       6.153841636041e-01 
       1.131335172503e-03       6.621233246495e-01 
       1.221587619537e-03       7.123098228000e-01 
       1.319039970183e-03       7.661720592658e-01 
       1.424266597921e-03       8.239546306464e-01 
       1.537887696968e-03       8.859011182851e-01 
       1.660572937635e-03       9.522588016484e-01 
       1.793045413292e-03       1.023280100902e+00 
       1.936085902198e-03       1.099216305740e+00 
       2.090537469327e-03       1.180312991700e+00 
       2.257310435294e-03       1.266804117185e+00 
       2.437387741694e-03       1.358904854832e+00 
       2.631830744443e-03       1.456802684686e+00 
       2.841785469300e-03       1.560646892157e+00 
       3.068489366414e-03       1.670536064245e+00 
       3.313278603720e-03       1.786503854040e+00 
       3.577595942169e-03       1.908502932771e+00 
       3.862999239199e-03       2.036387732816e+00 
       4.171170630578e-03       2.169896195004e+00 
       4.503926444729e-03       2.308631881359e+00 
       4.863227907969e-03       2.452047293460e+00 
       5.251192703764e-03       2.599430630722e+00 
       5.670107454120e-03       2.749896934570e+00 
       6.122441196689e-03       2.902386516275e+00 
       6.610859936996e-03       3.055668701167e+00 
       7.138242361596e-03       3.208356464662e+00 
       7.707696804727e-03       3.358923895972e+00 
       8.322579568496e-03       3.505724947289e+00 
       8.986514704559e-03       3.647009908284e+00 
       9.703415373875e-03       3.780923307819e+00 
       1.047750691046e-02       3.905492356022e+00 
       1.131335172503e-02       4.018587644835e+00 
       1.221587619537e-02       4.117901595901e+00 
       1.319039970183e-02       4.200915387426e+00 
       1.424266597920e-02       4.264941012949e+00 
       1.537887696964e-02       4.307219871275e+00 
       1.660572937560e-02       4.325058767184e+00 
       1.793045412207e-02       4.316053839641e+00 
       1.936085889642e-02       4.278228099862e+00 
       2.090537351881e-02       4.210198021704e+00 
       2.257309534705e-02       4.111419168711e+00 
       2.437382002240e-02       3.982429951291e+00 
       2.631799943729e-02       3.825170534335e+00 
       2.841644544598e-02       3.643280643523e+00 
       3.067933354524e-02       3.442192624534e+00 
       3.311368469821e-02       3.229232610447e+00 
       3.571840442514e-02       3.013519603331e+00 
       3.847720347390e-02       2.805288605832e+00 
       4.135335537314e-02       2.614412147662e+00 
       4.429361666563e-02       2.448133874220e+00 
       4.724366437916e-02       2.309237880883e+00 
       5.016480834039e-02       2.196113465056e+00 
       5.303989618930e-02       2.104366971604e+00 
       5.586870668205e-02       2.028462931537e+00 
       5.866042679206e-02       1.963149057181e+00 
       6.142798931504e-02       1.903786746006e+00 
       6.418496438662e-02       1.846481400774e+00 
       6.694418832236e-02       1.788201488344e+00 
       6.971731104453e-02       1.726715928489e+00 
       7.251476154108e-02       1.660653901338e+00 
       7.534587669814e-02       1.589470310810e+00 
       7.821907664495e-02       1.513438677185e+00 
       8.114203771084e-02       1.433569620142e+00 
       8.412184533139e-02       1.351493787205e+00 
       8.716512277352e-02       1.269274482299e+00 
       9.027813693913e-02       1.189195674698e+00 
       9.346688429613e-02       1.113504126226e+00 
       9.673716026122e-02       1.044175999680e+00 
       1.000946150608e-01       9.827065968584e-01 
       1.035447986307e-01       9.299397875505e-01 
       1.070931966524e-01       8.859579423463e-01 
       1.107452594180e-01       8.500706147755e-01 
       1.145064248899e-01       8.208029848120e-01 
       1.183821370656e-01       7.960240530785e-01 
       1.223778605591e-01       7.731463816678e-01 
       1.264990921707e-01       7.494515409995e-01 
       1.307513701078e-01       7.225581461753e-01 
       1.351402814485e-01       6.909090571518e-01 
       1.396714683894e-01       6.541817158802e-01 
       1.443506337875e-01       6.134275572923e-01 
       1.491835464900e-01       5.708672490682e-01 
       1.541760469368e-01       5.293633144980e-01 
       1.593340535209e-01       4.917119307516e-01 
       1.646635701934e-01       4.599206944733e-01 
       1.701706958081e-01       4.347286401559e-01 
       1.758616357070e-01       4.154086045065e-01 
       1.817427160581e-01       3.999368050175e-01 
       1.878204014651e-01       3.856832751801e-01 
       1.941013163855e-01       3.698091332218e-01 
       2.005922709060e-01       3.505462686395e-01 
       2.073002914514e-01       3.280441265948e-01 
       2.142326570343e-01       3.042139097083e-01 
       2.213969417044e-01       2.816125651166e-01 
       2.288010639201e-01       2.622575371078e-01 
       2.364533436625e-01       2.469616423627e-01 
       2.443625682390e-01       2.350133514182e-01 
       2.525380678946e-01       2.244177824100e-01 
       2.609898025770e-01       2.130931831250e-01 
       2.697284614969e-01       2.001016817092e-01 
       2.787655775073e-01       1.860198348297e-01 
       2.881136588192e-01       1.725170957368e-01 
       2.977863412019e-01       1.610664286737e-01 
       3.077985646248e-01       1.517616993297e-01 
       3.181667793367e-01       1.435596455452e-01 
       3.289091877084e-01       1.351815731217e-01 
       3.400460298905e-01       1.261643316028e-01 
       3.515999235695e-01       1.172019642382e-01 
       3.635962710278e-01       1.091767425146e-01 
       3.760637505499e-01       1.023094426963e-01 
       3.890349143014e-01       9.593771041892e-02 
       4.025469215929e-01       8.950781529085e-02 
       4.166424455447e-01       8.311182405673e-02 
       4.313708034899e-01       7.721540665672e-02 
       4.467893781976e-01       7.190048174211e-02 
       4.629654198623e-01       6.686918172663e-02 
       4.799783500912e-01       6.191743871332e-02 
       4.979227318246e-01       5.722212705167e-02 
       5.169121269689e-01       5.290300145890e-02 
       5.370841403262e-01       4.876986281048e-02 
       5.586070463286e-01       4.479094649634e-02 
       5.816885093582e-01       4.105189925314e-02 
       6.065870143577e-01       3.748993995027e-02 
       6.336266466978e-01       3.407625334958e-02 
       6.632156057925e-01       3.083456999198e-02 
       6.958678637575e-01       2.772839551731e-02 
       7.322247983784e-01       2.476717154744e-02 
       7.730680193171e-01       2.193958785534e-02 
       8.193049551574e-01       1.925609624403e-02 
       8.718988013754e-01       1.672929856076e-02 
       9.317218028590e-01       1.438421472322e-02 
       9.993660906273e-01       1.225067085621e-02 
       1.075037109879e+00       1.035257280724e-02 
       1.158653485387e+00       8.699729223298e-03 
       1.250099156961e+00       7.284598038434e-03 
       1.349432400897e+00       6.085476806817e-03 
       1.456947456991e+00       5.075743809719e-03 
       1.573135110893e+00       4.228308359668e-03 
       1.698621895119e+00       3.518547527007e-03 
       1.834127512423e+00       2.924982806736e-03 
       1.980444933977e+00       2.429167236163e-03 
       2.138435191130e+00       2.015510546200e-03 
       2.309029198543e+00       1.670779038906e-03 
       2.493232376993e+00       1.383800364820e-03 
       2.692130394536e+00       1.145131368385e-03 
       2.906895533764e+00       9.468552759438e-04 
       3.138793596840e+00       7.822879325812e-04 
       3.389191365541e+00       6.458204502044e-04 
       3.659564656886e+00       5.327706997399e-04 
       3.951507021438e+00       4.391841602827e-04 
       4.266739135513e+00       3.617877063079e-04 
       4.607118942658e+00       2.978284292770e-04 
       4.974652604172e+00       2.450127832265e-04 
       5.371506323193e+00       2.014363258077e-04 
       5.800019112071e+00       1.655064960424e-04 
       6.262716578240e+00       1.359025783981e-04 
       6.762325809881e+00       1.115298014125e-04 
       7.301791449077e+00       9.147620813812e-05 
       7.884293047211e+00       7.498579893988e-05 
       8.513263804891e+00       6.143589254557e-05 
       9.192410806865e+00       5.030808213955e-05 
       9.925736871166e+00       4.117502690192e-05 
       1.071756414128e+01       3.368306281030e-05 
       1.157255956041e+01       2.754112686011e-05 
       1.249576237789e+01       2.250854300665e-05 
       1.349261385000e+01       1.838747132129e-05 
       1.456898931011e+01       1.501399462672e-05 
       1.573123279727e+01       1.225416814810e-05 
       1.698619444729e+01       9.997477894388e-06 
       1.834127086665e+01       8.152924063320e-06 
       1.980444872733e+01       6.646073662491e-06 
       2.138435183937e+01       5.415608178505e-06 
       2.309029197863e+01       4.411238437428e-06 
       2.493232376942e+01       3.591765568106e-06 
       2.692130394533e+01       2.923472911543e-06 
       2.906895533764e+01       2.378637161118e-06 
       3.138793596840e+01       1.934674748544e-06 
       3.389191365541e+01       1.573021034297e-06 
       3.659564656886e+01       1.278532316590e-06 
       3.951507021438e+01       1.038828974691e-06 
       4.266739135513e+01       8.437835315255e-07 
       4.607118942658e+01       6.851256368570e-07 
       4.974652604172e+01       5.561244361851e-07 
       5.371506323193e+01       4.512692086017e-07 
       5.800019112071e+01       3.660564851360e-07 
       6.262716578240e+01       2.968423245603e-07 
       6.762325809881e+01       2.406356700783e-07 
