# Matter power spectrum P(k) at redshift z=99
# for k=1.04775e-05 to 66.1767 h/Mpc,
# number of wavenumbers equal to 130
#    1:k (h/Mpc)              2:P (Mpc/h)^3        
       1.047750691046e-05       7.261927684598e-03 
       1.319039970183e-05       9.069258206514e-03 
       1.660572937635e-05       1.132639107308e-02 
       2.090537469327e-05       1.414527124127e-02 
       2.631830744443e-05       1.766569584967e-02 
       3.313278603720e-05       2.206225517077e-02 
       4.171170630578e-05       2.755297767693e-02 
       5.251192703764e-05       3.441013524717e-02 
       6.610859936996e-05       4.297372174984e-02 
       8.322579568497e-05       5.366826855696e-02 
       1.047750691046e-04       6.702379876207e-02 
       1.319039970183e-04       8.370193445561e-02 
       1.660572937635e-04       1.045283355916e-01 
       2.090537469327e-04       1.305329134763e-01 
       2.631830744443e-04       1.629994507420e-01 
       3.313278603720e-04       2.035264005600e-01 
       4.171170630578e-04       2.541004745454e-01 
       5.251192703764e-04       3.171839529998e-01 
       6.610859936996e-04       3.958147258176e-01 
       8.322579568497e-04       4.937136008071e-01 
       1.047750691046e-03       6.153841637749e-01 
       1.319039970183e-03       7.661720593347e-01 
       1.660572937635e-03       9.522588015112e-01 
       2.090537469327e-03       1.180312990977e+00 
       2.631830744443e-03       1.456802682658e+00 
       3.313278603720e-03       1.786503849255e+00 
       4.171170630578e-03       2.169896186647e+00 
       5.251192703764e-03       2.599430609147e+00 
       6.610859936996e-03       3.055668665282e+00 
       8.322579568497e-03       3.505724685017e+00 
       1.047750691046e-02       3.905491271864e+00 
       1.319039970183e-02       4.200916516102e+00 
       1.660572937633e-02       4.325060663394e+00 
       2.090537453514e-02       4.210203925918e+00 
       2.631818545635e-02       3.825147009456e+00 
       3.311571692125e-02       3.229062350949e+00 
       4.113809243311e-02       2.627707170353e+00 
       4.792590854610e-02       2.280772432893e+00 
       5.284436902701e-02       2.110053761476e+00 
       5.689644391095e-02       2.003501384375e+00 
       6.051252627066e-02       1.923010691806e+00 
       6.388413457411e-02       1.852683422100e+00 
       6.711249296401e-02       1.784507855921e+00 
       7.025823437965e-02       1.714210370205e+00 
       7.336115587705e-02       1.639741310175e+00 
       7.644928796912e-02       1.560582796917e+00 
       7.954353299775e-02       1.477370228466e+00 
       8.266024078725e-02       1.391601488616e+00 
       8.581273398637e-02       1.305359385659e+00 
       8.901225918437e-02       1.221015510229e+00 
       9.226860540985e-02       1.140960530035e+00 
       9.559052048996e-02       1.067324238877e+00 
       9.898599946599e-02       1.001754699557e+00 
       1.024624891378e-01       9.452384906081e-01 
       1.060270359164e-01       8.979944051180e-01 
       1.096863943056e-01       8.594489239481e-01 
       1.134471073830e-01       8.282304874759e-01 
       1.173155669539e-01       8.022793152961e-01 
       1.212980586983e-01       7.790269925240e-01 
       1.254007961065e-01       7.557000455873e-01 
       1.296299459934e-01       7.297472871431e-01 
       1.339916477160e-01       6.993430766197e-01 
       1.384920277736e-01       6.638112811518e-01 
       1.431372111762e-01       6.238626471991e-01 
       1.479333307714e-01       5.814620162918e-01 
       1.528865355934e-01       5.393724797826e-01 
       1.580029992204e-01       5.004802830237e-01 
       1.632889290723e-01       4.670466860637e-01 
       1.687505775527e-01       4.401624093635e-01 
       1.743942559171e-01       4.194729564585e-01 
       1.802263517371e-01       4.032397373156e-01 
       1.862533508214e-01       3.889124287318e-01 
       1.924818644494e-01       3.736575545897e-01 
       1.989186627765e-01       3.552934614309e-01 
       2.055707152847e-01       3.334646535023e-01 
       2.124452391818e-01       3.097031827451e-01 
       2.195497567139e-01       2.865307812283e-01 
       2.268921624510e-01       2.661877193618e-01 
       2.344808017550e-01       2.498294763535e-01 
       2.423245618548e-01       2.371423384557e-01 
       2.504329772620e-01       2.263787202998e-01 
       2.588163516754e-01       2.153404480443e-01 
       2.674858990930e-01       2.027257268923e-01 
       2.764539076010e-01       1.887369096912e-01 
       2.857339303080e-01       1.748557415704e-01 
       2.953410092148e-01       1.627542709216e-01 
       3.052919395542e-01       1.529119555943e-01 
       3.156055844677e-01       1.444816842878e-01 
       3.263032530092e-01       1.361431889241e-01 
       3.374091587054e-01       1.271394749286e-01 
       3.489509817175e-01       1.179534130018e-01 
       3.609605657343e-01       1.095308141114e-01 
       3.734747921333e-01       1.023039558541e-01 
       3.865366902904e-01       9.573050092981e-02 
       4.001968667448e-01       8.913325442138e-02 
       4.145153713076e-01       8.248314357719e-02 
       4.295641718077e-01       7.626160207783e-02 
       4.454304922144e-01       7.062955191314e-02 
       4.622214006969e-01       6.529404233738e-02 
       4.800702491654e-01       6.000173508451e-02 
       4.991459272112e-01       5.494065151733e-02 
       5.196665217302e-01       5.022608062626e-02 
       5.419201087032e-01       4.563169669110e-02 
       5.662975451962e-01       4.116693829216e-02 
       5.933463737275e-01       3.688033537851e-02 
       6.238638458458e-01       3.265944078501e-02 
       6.590669257916e-01       2.850857162924e-02 
       7.009246080454e-01       2.435104948894e-02 
       7.528593308799e-01       2.013043933102e-02 
       8.213469537518e-01       1.574809647487e-02 
       9.196980813302e-01       1.111564520767e-02 
       1.075112183810e+00       6.335979481418e-03 
       1.322697471132e+00       2.296109740343e-03 
       1.662328205042e+00       2.676110510185e-04 
       2.092692408506e+00       8.884482442664e-05 
       2.634543445090e+00       5.508008221972e-04 
       3.316693691389e+00       4.019415365813e-04 
       4.175469971226e+00       7.816020255024e-06 
       5.256605252960e+00       8.472071998905e-05 
       6.617673932723e+00       4.860807062718e-06 
       8.331157880872e+00       1.270065416530e-05 
       1.048830636590e+01       2.222691150503e-06 
       1.320399541071e+01       3.367224682370e-07 
       1.662284535976e+01       6.652438864621e-08 
       2.092692243973e+01       4.051898957739e-10 
       2.634543445002e+01       7.549440132570e-11 
       3.316693691389e+01       6.820665086324e-16 
       4.175469971226e+01       2.822239187707e-15 
       5.256605252960e+01       1.284685392217e-16 
       6.617673932723e+01       1.185517476226e-18 
