# Matter power spectrum P(k) at redshift z=0
# for k=1.04775e-05 to 66.1767 h/Mpc,
# number of wavenumbers equal to 130
#    1:k (h/Mpc)              2:P (Mpc/h)^3        
       1.047750691046e-05       5.020964811312e+01 
       1.319039970183e-05       6.270562594776e+01 
       1.660572937635e-05       7.831147247912e+01 
       2.090537469327e-05       9.780108069295e+01 
       2.631830744443e-05       1.221408203809e+02 
       3.313278603720e-05       1.525374501932e+02 
       4.171170630578e-05       1.904975994010e+02 
       5.251192703764e-05       2.379022224249e+02 
       6.610859936996e-05       2.970989227881e+02 
       8.322579568497e-05       3.710167318946e+02 
       1.047750691046e-04       4.633080766742e+02 
       1.319039970183e-04       5.785234129338e+02 
       1.660572937635e-04       7.223242666092e+02 
       2.090537469327e-04       9.017396271824e+02 
       2.631830744443e-04       1.125468123750e+03 
       3.313278603720e-04       1.404223053681e+03 
       4.171170630578e-04       1.751108028790e+03 
       5.251192703764e-04       2.181998448133e+03 
       6.610859936996e-04       2.715889983593e+03 
       8.322579568497e-04       3.375152337134e+03 
       1.047750691046e-03       4.185552174309e+03 
       1.319039970183e-03       5.175742740947e+03 
       1.660572937635e-03       6.376123051775e+03 
       2.090537469327e-03       7.815671865292e+03 
       2.631830744443e-03       9.517783069112e+03 
       3.313278603720e-03       1.149357460346e+04 
       4.171170630578e-03       1.373266013285e+04 
       5.251192703764e-03       1.619063614560e+04 
       6.610859936996e-03       1.877460422441e+04 
       8.322579568497e-03       2.132607231886e+04 
       1.047750691046e-02       2.360548535864e+04 
       1.319039970183e-02       2.528218609876e+04 
       1.660572937633e-02       2.595027163227e+04 
       2.090537453514e-02       2.520933804313e+04 
       2.631818545635e-02       2.287035118346e+04 
       3.311571692125e-02       1.928624078306e+04 
       4.113809243311e-02       1.568427301671e+04 
       4.792590854610e-02       1.361066470076e+04 
       5.284436902701e-02       1.259130075814e+04 
       5.689644391095e-02       1.195557508514e+04 
       6.051252627066e-02       1.147548010083e+04 
       6.388413457411e-02       1.105589376648e+04 
       6.711249296401e-02       1.064899344086e+04 
       7.025823437965e-02       1.022930552438e+04 
       7.336115587705e-02       9.784537727281e+03 
       7.644928796912e-02       9.311659724937e+03 
       7.954353299775e-02       8.814524932792e+03 
       8.266024078725e-02       8.302122985370e+03 
       8.581273398637e-02       7.786947070990e+03 
       8.901225918437e-02       7.283186534564e+03 
       9.226860540985e-02       6.805161783851e+03 
       9.559052048996e-02       6.365646567087e+03 
       9.898599946599e-02       5.974395928134e+03 
       1.024624891378e-01       5.637301637154e+03 
       1.060270359164e-01       5.355761658727e+03 
       1.096863943056e-01       5.126250519885e+03 
       1.134471073830e-01       4.940489626743e+03 
       1.173155669539e-01       4.786161063608e+03 
       1.212980586983e-01       4.647963217969e+03 
       1.254007961065e-01       4.509147380531e+03 
       1.296299459934e-01       4.354560012954e+03 
       1.339916477160e-01       4.173214599316e+03 
       1.384920277736e-01       3.961156650142e+03 
       1.431372111762e-01       3.722688550238e+03 
       1.479333307714e-01       3.469556270145e+03 
       1.528865355934e-01       3.218331583375e+03 
       1.580029992204e-01       2.986304937800e+03 
       1.632889290723e-01       2.786966432482e+03 
       1.687505775527e-01       2.626828536488e+03 
       1.743942559171e-01       2.503755182216e+03 
       1.802263517371e-01       2.407342273093e+03 
       1.862533508214e-01       2.322250352199e+03 
       1.924818644494e-01       2.231550735973e+03 
       1.989186627765e-01       2.122195423154e+03 
       2.055707152847e-01       1.992029454770e+03 
       2.124452391818e-01       1.850323261481e+03 
       2.195497567139e-01       1.712185173445e+03 
       2.268921624510e-01       1.590986534462e+03 
       2.344808017550e-01       1.493669546235e+03 
       2.423245618548e-01       1.418313560130e+03 
       2.504329772620e-01       1.354466763089e+03 
       2.588163516754e-01       1.288936556675e+03 
       2.674858990930e-01       1.213939791627e+03 
       2.764539076010e-01       1.130693691668e+03 
       2.857339303080e-01       1.048101479347e+03 
       2.953410092148e-01       9.761842127857e+02 
       3.052919395542e-01       9.178096258630e+02 
       3.156055844677e-01       8.678966708982e+02 
       3.263032530092e-01       8.185253139873e+02 
       3.374091587054e-01       7.651471900651e+02 
       3.489509817175e-01       7.106691504582e+02 
       3.609605657343e-01       6.607854647863e+02 
       3.734747921333e-01       6.180857601559e+02 
       3.865366902904e-01       5.793104542579e+02 
       4.001968667448e-01       5.403930620949e+02 
       4.145153713076e-01       5.011531155071e+02 
       4.295641718077e-01       4.644996965025e+02 
       4.454304922144e-01       4.314098854685e+02 
       4.622214006969e-01       4.001145375150e+02 
       4.800702491654e-01       3.690898179767e+02 
       4.991459272112e-01       3.394766006230e+02 
       5.196665217302e-01       3.119869151604e+02 
       5.419201087032e-01       2.852470288989e+02 
       5.662975451962e-01       2.593315165325e+02 
       5.933463737275e-01       2.345493162524e+02 
       6.238638458458e-01       2.102306957387e+02 
       6.590669257916e-01       1.864340578924e+02 
       7.009246080454e-01       1.627248862728e+02 
       7.528593308799e-01       1.388184219142e+02 
       8.213469537518e-01       1.141882362661e+02 
       9.196980813302e-01       8.835946220932e+01 
       1.075112183810e+00       6.172610962508e+01 
       1.322697471132e+00       3.804268618406e+01 
       1.662328205042e+00       2.209805843427e+01 
       2.092692408506e+00       1.266925646701e+01 
       2.634543445090e+00       7.203353401240e+00 
       3.316693691389e+00       4.065162442171e+00 
       4.175469971226e+00       2.278632445531e+00 
       5.256605252960e+00       1.269356938731e+00 
       6.617673932723e+00       7.031377803340e-01 
       8.331157880872e+00       3.874795123614e-01 
       1.048830636590e+01       2.125104564203e-01 
       1.320399541071e+01       1.160373446083e-01 
       1.662284535976e+01       6.309958021409e-02 
       2.092692243973e+01       3.417988231890e-02 
       2.634543445002e+01       1.844616076660e-02 
       3.316693691389e+01       9.919267049238e-03 
       4.175469971226e+01       5.314659587315e-03 
       5.256605252960e+01       2.836695014875e-03 
       6.617673932723e+01       1.507712549857e-03 
