# Matter power spectrum P(k) at redshift z=0
# for k=1.04775e-05 to 67.6233 h/Mpc,
# number of wavenumbers equal to 246
#    1:k (h/Mpc)              2:P (Mpc/h)^3        
       1.047750691046e-05       5.020964811309e+01 
       1.131335172503e-05       5.407050701929e+01 
       1.221587619537e-05       5.822819068698e+01 
       1.319039970183e-05       6.270562594774e+01 
       1.424266597921e-05       6.752732240880e+01 
       1.537887696968e-05       7.271977206173e+01 
       1.660572937635e-05       7.831147247912e+01 
       1.793045413292e-05       8.433311821988e+01 
       1.936085902198e-05       9.081778249833e+01 
       2.090537469327e-05       9.780108069297e+01 
       2.257310435294e-05       1.053213197893e+02 
       2.437387741694e-05       1.134197377890e+02 
       2.631830744443e-05       1.221408203809e+02 
       2.841785469300e-05       1.315324642466e+02 
       3.068489366414e-05       1.416462094881e+02 
       3.313278603720e-05       1.525374501932e+02 
       3.577595942169e-05       1.642660688414e+02 
       3.862999239199e-05       1.768963506307e+02 
       4.171170630578e-05       1.904975994010e+02 
       4.503926444729e-05       2.051444491974e+02 
       4.863227907969e-05       2.209171465549e+02 
       5.251192703764e-05       2.379022224249e+02 
       5.670107454120e-05       2.561927927540e+02 
       6.122441196689e-05       2.758890444040e+02 
       6.610859936996e-05       2.970989227881e+02 
       7.138242361596e-05       3.199385560802e+02 
       7.707696804727e-05       3.445329783680e+02 
       8.322579568497e-05       3.710167318946e+02 
       8.986514704559e-05       3.995346444203e+02 
       9.703415373875e-05       4.302425407383e+02 
       1.047750691046e-04       4.633080766742e+02 
       1.131335172503e-04       4.989116271564e+02 
       1.221587619537e-04       5.372471950929e+02 
       1.319039970183e-04       5.785234129337e+02 
       1.424266597921e-04       6.229645936045e+02 
       1.537887696968e-04       6.708118490405e+02 
       1.660572937635e-04       7.223242666092e+02 
       1.793045413292e-04       7.777801560573e+02 
       1.936085902198e-04       8.374783614140e+02 
       2.090537469327e-04       9.017396271824e+02 
       2.257310435294e-04       9.709080268041e+02 
       2.437387741694e-04       1.045352449493e+03 
       2.631830744443e-04       1.125468123750e+03 
       2.841785469300e-04       1.211678180495e+03 
       3.068489366414e-04       1.304435250150e+03 
       3.313278603720e-04       1.404223053681e+03 
       3.577595942169e-04       1.511558014616e+03 
       3.862999239199e-04       1.626990837689e+03 
       4.171170630578e-04       1.751108028790e+03 
       4.503926444729e-04       1.884533382872e+03 
       4.863227907969e-04       2.027929378112e+03 
       5.251192703764e-04       2.181998448133e+03 
       5.670107454121e-04       2.347484102755e+03 
       6.122441196689e-04       2.525171871365e+03 
       6.610859936996e-04       2.715889983592e+03 
       7.138242361596e-04       2.920509688380e+03 
       7.707696804727e-04       3.139945100279e+03 
       8.322579568497e-04       3.375152337588e+03 
       8.986514704559e-04       3.627127831141e+03 
       9.703415373875e-04       3.896905453136e+03 
       1.047750691046e-03       4.185552174298e+03 
       1.131335172503e-03       4.494162430373e+03 
       1.221587619537e-03       4.823850706496e+03 
       1.319039970183e-03       5.175742739098e+03 
       1.424266597921e-03       5.551019596904e+03 
       1.537887696968e-03       5.950788340561e+03 
       1.660572937635e-03       6.376123051786e+03 
       1.793045413292e-03       6.828073901448e+03 
       1.936085902198e-03       7.307625381066e+03 
       2.090537469327e-03       7.815671870284e+03 
       2.257310435294e-03       8.352990375818e+03 
       2.437387741694e-03       8.920211064311e+03 
       2.631830744443e-03       9.517783069112e+03 
       2.841785469300e-03       1.014593704435e+04 
       3.068489366414e-03       1.080464502791e+04 
       3.313278603720e-03       1.149357460342e+04 
       3.577595942169e-03       1.221203621722e+04 
       3.862999239199e-03       1.295892539446e+04 
       4.171170630578e-03       1.373266013910e+04 
       4.503926444729e-03       1.453111835624e+04 
       4.863227907969e-03       1.535154985286e+04 
       5.251192703764e-03       1.619063614477e+04 
       5.670107454120e-03       1.704431257757e+04 
       6.122441196689e-03       1.790755939700e+04 
       6.610859936996e-03       1.877460416080e+04 
       7.138242361596e-03       1.963872430512e+04 
       7.707696804727e-03       2.049215714409e+04 
       8.322579568496e-03       2.132607232518e+04 
       8.986514704559e-03       2.213055077880e+04 
       9.703415373875e-03       2.289445472753e+04 
       1.047750691046e-02       2.360548710445e+04 
       1.131335172503e-02       2.425023092975e+04 
       1.221587619537e-02       2.481423924658e+04 
       1.319039970183e-02       2.528218616549e+04 
       1.424266597920e-02       2.563814403025e+04 
       1.537887696964e-02       2.586606805048e+04 
       1.660572937560e-02       2.595026648358e+04 
       1.793045412207e-02       2.587635200005e+04 
       1.936085889642e-02       2.563221850445e+04 
       2.090537351881e-02       2.520935999033e+04 
       2.257309534705e-02       2.460443084381e+04 
       2.437382002240e-02       2.382085477633e+04 
       2.631799943729e-02       2.287048809144e+04 
       2.841644544598e-02       2.177443714623e+04 
       3.067933354524e-02       2.056554008388e+04 
       3.311368469821e-02       1.928726671581e+04 
       3.571840442514e-02       1.799405453420e+04 
       3.847720347390e-02       1.674685139904e+04 
       4.135335537314e-02       1.560457417854e+04 
       4.429361666563e-02       1.461042746532e+04 
       4.724366437916e-02       1.378054991196e+04 
       5.016480834039e-02       1.310507115966e+04 
       5.303989618930e-02       1.255714443562e+04 
       5.586870668205e-02       1.210426877034e+04 
       5.866042679206e-02       1.171466320088e+04 
       6.142798931504e-02       1.136046418499e+04 
       6.418496438662e-02       1.101856590761e+04 
       6.694418832236e-02       1.067067480499e+04 
       6.971731104453e-02       1.030358770811e+04 
       7.251476154108e-02       9.908997479116e+03 
       7.534587669814e-02       9.483742147405e+03 
       7.821907664495e-02       9.029475392262e+03 
       8.114203771084e-02       8.552292200431e+03 
       8.412184533139e-02       8.061942486312e+03 
       8.716512277352e-02       7.570768285124e+03 
       9.027813693913e-02       7.092454226117e+03 
       9.346688429613e-02       6.640477920719e+03 
       9.673716026122e-02       6.226691581071e+03 
       1.000946150608e-01       5.859938823464e+03 
       1.035447986307e-01       5.545264078224e+03 
       1.070931966524e-01       5.283146044649e+03 
       1.107452594180e-01       5.069421242911e+03 
       1.145064248899e-01       4.895230971533e+03 
       1.183821370656e-01       4.747824082145e+03 
       1.223778605591e-01       4.611729653962e+03 
       1.264990921707e-01       4.470558995893e+03 
       1.307513701078e-01       4.310272564456e+03 
       1.351402814485e-01       4.121381419547e+03 
       1.396714683894e-01       3.902065111766e+03 
       1.443506337875e-01       3.658645344503e+03 
       1.491835464900e-01       3.404481943032e+03 
       1.541760469368e-01       3.156689458785e+03 
       1.593340535209e-01       2.931960786315e+03 
       1.646635701934e-01       2.742371185749e+03 
       1.701706958081e-01       2.592250869729e+03 
       1.758616357070e-01       2.477242051997e+03 
       1.817427160581e-01       2.385180038747e+03 
       1.878204014651e-01       2.300358776587e+03 
       1.941013163855e-01       2.205761419367e+03 
       2.005922709060e-01       2.090810672446e+03 
       2.073002914514e-01       1.956464203404e+03 
       2.142326570343e-01       1.814192249360e+03 
       2.213969417044e-01       1.679283251774e+03 
       2.288010639201e-01       1.563841666950e+03 
       2.364533436625e-01       1.472682386262e+03 
       2.443625682390e-01       1.401520116037e+03 
       2.525380678946e-01       1.338413713152e+03 
       2.609898025770e-01       1.270899970583e+03 
       2.697284614969e-01       1.193380193914e+03 
       2.787655775073e-01       1.109339282359e+03 
       2.881136588192e-01       1.028771053647e+03 
       2.977863412019e-01       9.604776312091e+02 
       3.077985646248e-01       9.050216978720e+02 
       3.181667793367e-01       8.561445226206e+02 
       3.289091877084e-01       8.061857716788e+02 
       3.400460298905e-01       7.523908120138e+02 
       3.515999235695e-01       6.989201537863e+02 
       3.635962710278e-01       6.510616985277e+02 
       3.760637505499e-01       6.101202238501e+02 
       3.890349143014e-01       5.721309102471e+02 
       4.025469215929e-01       5.337825901138e+02 
       4.166424455447e-01       4.956298712488e+02 
       4.313708034899e-01       4.604662776195e+02 
       4.467893781976e-01       4.287760860153e+02 
       4.629654198623e-01       3.987715132588e+02 
       4.799783500912e-01       3.692398406758e+02 
       4.979227318246e-01       3.412396729538e+02 
       5.169121269689e-01       3.154824487967e+02 
       5.370841403262e-01       2.908343158580e+02 
       5.586070463286e-01       2.671064574877e+02 
       5.816885093582e-01       2.448088134352e+02 
       6.065870143577e-01       2.235664822758e+02 
       6.336266466978e-01       2.032096967035e+02 
       6.632156057925e-01       1.838783646298e+02 
       6.958678637575e-01       1.653541215153e+02 
       7.322247983784e-01       1.476946524115e+02 
       7.730680193171e-01       1.308332293325e+02 
       8.193049551574e-01       1.148309410673e+02 
       8.718988013754e-01       9.976213421157e+01 
       9.317218028590e-01       8.577757536161e+01 
       9.993660906273e-01       7.305442248901e+01 
       1.075037109879e+00       6.173560864812e+01 
       1.158653485387e+00       5.187892559172e+01 
       1.250099156961e+00       4.344005721180e+01 
       1.349432400897e+00       3.628879653629e+01 
       1.456947456991e+00       3.026793628322e+01 
       1.573135110893e+00       2.521436693555e+01 
       1.698621895119e+00       2.098189608454e+01 
       1.834127512423e+00       1.744233866105e+01 
       1.980444933977e+00       1.448562206626e+01 
       2.138435191130e+00       1.201893859293e+01 
       2.309029198543e+00       9.963140177775e+00 
       2.493232376993e+00       8.251754382316e+00 
       2.692130394536e+00       6.828529567012e+00 
       2.906895533764e+00       5.646191902018e+00 
       3.138793596840e+00       4.664857684504e+00 
       3.389191365541e+00       3.851113202760e+00 
       3.659564656886e+00       3.176918215311e+00 
       3.951507021438e+00       2.618857855515e+00 
       4.266739135513e+00       2.157337707933e+00 
       4.607118942658e+00       1.775929061130e+00 
       4.974652604172e+00       1.460971020693e+00 
       5.371506323193e+00       1.201112795604e+00 
       5.800019112071e+00       9.868686916741e-01 
       6.262716578240e+00       8.103434050061e-01 
       6.762325809881e+00       6.649965118648e-01 
       7.301791449077e+00       5.454186010366e-01 
       7.884293047211e+00       4.470859268285e-01 
       8.513263804891e+00       3.662910158908e-01 
       9.192410806865e+00       2.999359256632e-01 
       9.925736871166e+00       2.454730912218e-01 
       1.071756414128e+01       2.008003506404e-01 
       1.157255956041e+01       1.641775470469e-01 
       1.249576237789e+01       1.341702541573e-01 
       1.349261385000e+01       1.095954785827e-01 
       1.456898931011e+01       8.948187917902e-02 
       1.573123279727e+01       7.302735004831e-02 
       1.698619444729e+01       5.957197603994e-02 
       1.834127086665e+01       4.857454766534e-02 
       1.980444872733e+01       3.959105852441e-02 
       2.138435183937e+01       3.225512716256e-02 
       2.309029197863e+01       2.626767696959e-02 
       2.493232376942e+01       2.138301490068e-02 
       2.692130394533e+01       1.739943045094e-02 
       2.906895533764e+01       1.415218484286e-02 
       3.138793596840e+01       1.150631210122e-02 
       3.389191365541e+01       9.351152838568e-03 
       3.659564656886e+01       7.596478644032e-03 
       3.951507021438e+01       6.168543263768e-03 
       4.266739135513e+01       5.006720447884e-03 
       4.607118942658e+01       4.061935279749e-03 
       4.974652604172e+01       3.293846769641e-03 
       5.371506323193e+01       2.669734319100e-03 
       5.800019112071e+01       2.162710378952e-03 
       6.262716578240e+01       1.751041313591e-03 
       6.762325809881e+01       1.416854246744e-03 
