# Matter power spectrum P(k) at redshift z=99
# for k=1.04775e-05 to 66.1767 h/Mpc,
# number of wavenumbers equal to 130
#    1:k (h/Mpc)              2:P (Mpc/h)^3        
       1.047750691046e-05       7.261927680862e-03 
       1.319039970183e-05       9.069258201849e-03 
       1.660572937635e-05       1.132639106725e-02 
       2.090537469327e-05       1.414527123399e-02 
       2.631830744443e-05       1.766569584058e-02 
       3.313278603720e-05       2.206225515943e-02 
       4.171170630578e-05       2.755297766277e-02 
       5.251192703764e-05       3.441013522948e-02 
       6.610859936996e-05       4.297372172778e-02 
       8.322579568497e-05       5.366826852945e-02 
       1.047750691046e-04       6.702379872775e-02 
       1.319039970183e-04       8.370193441286e-02 
       1.660572937635e-04       1.045283355384e-01 
       2.090537469327e-04       1.305329134104e-01 
       2.631830744443e-04       1.629994506605e-01 
       3.313278603720e-04       2.035264004602e-01 
       4.171170630578e-04       2.541004744243e-01 
       5.251192703764e-04       3.171839528557e-01 
       6.610859936996e-04       3.958147256514e-01 
       8.322579568497e-04       4.937136006278e-01 
       1.047750691046e-03       6.153841636042e-01 
       1.319039970183e-03       7.661720592809e-01 
       1.660572937635e-03       9.522588016471e-01 
       2.090537469327e-03       1.180312991700e+00 
       2.631830744443e-03       1.456802684685e+00 
       3.313278603720e-03       1.786503854038e+00 
       4.171170630578e-03       2.169896196803e+00 
       5.251192703764e-03       2.599430630717e+00 
       6.610859936996e-03       3.055668711108e+00 
       8.322579568497e-03       3.505724480279e+00 
       1.047750691046e-02       3.905490056073e+00 
       1.319039970183e-02       4.200915334247e+00 
       1.660572937633e-02       4.325064910505e+00 
       2.090537453514e-02       4.210204282674e+00 
       2.631818545635e-02       3.825149781750e+00 
       3.311571692125e-02       3.229060134068e+00 
       4.113809243311e-02       2.627727469449e+00 
       4.792590854610e-02       2.280789318563e+00 
       5.284436902701e-02       2.110088718189e+00 
       5.689644391095e-02       2.003538710833e+00 
       6.051252627066e-02       1.923052381867e+00 
       6.388413457411e-02       1.852733322264e+00 
       6.711249296401e-02       1.784566279994e+00 
       7.025823437965e-02       1.714281212807e+00 
       7.336115587705e-02       1.639818315669e+00 
       7.644928796912e-02       1.560662262747e+00 
       7.954353299775e-02       1.477455316151e+00 
       8.266024078725e-02       1.391696472230e+00 
       8.581273398637e-02       1.305464084641e+00 
       8.901225918437e-02       1.221123809136e+00 
       9.226860540985e-02       1.141080492772e+00 
       9.559052048996e-02       1.067452606656e+00 
       9.898599946599e-02       1.001888804882e+00 
       1.024624891378e-01       9.453807143233e-01 
       1.060270359164e-01       8.981500628286e-01 
       1.096863943056e-01       8.596117795137e-01 
       1.134471073830e-01       8.284045086404e-01 
       1.173155669539e-01       8.024686576772e-01 
       1.212980586983e-01       7.792291897778e-01 
       1.254007961065e-01       7.559171104936e-01 
       1.296299459934e-01       7.299833771155e-01 
       1.339916477160e-01       6.995940838316e-01 
       1.384920277736e-01       6.640784806865e-01 
       1.431372111762e-01       6.241459922613e-01 
       1.479333307714e-01       5.817630351242e-01 
       1.528865355934e-01       5.396942534419e-01 
       1.580029992204e-01       5.008144160438e-01 
       1.632889290723e-01       4.673979343302e-01 
       1.687505775527e-01       4.405340711188e-01 
       1.743942559171e-01       4.198656784410e-01 
       1.802263517371e-01       4.036590699304e-01 
       1.862533508214e-01       3.893599049471e-01 
       1.924818644494e-01       3.741348909101e-01 
       1.989186627765e-01       3.558018356238e-01 
       2.055707152847e-01       3.339992494467e-01 
       2.124452391818e-01       3.102668134376e-01 
       2.195497567139e-01       2.871225126114e-01 
       2.268921624510e-01       2.668081069732e-01 
       2.344808017550e-01       2.504831553965e-01 
       2.423245618548e-01       2.378333111125e-01 
       2.504329772620e-01       2.271114421214e-01 
       2.588163516754e-01       2.161191394372e-01 
       2.674858990930e-01       2.035456701090e-01 
       2.764539076010e-01       1.895979196450e-01 
       2.857339303080e-01       1.757565413128e-01 
       2.953410092148e-01       1.636996413349e-01 
       3.052919395542e-01       1.539066454856e-01 
       3.156055844677e-01       1.455312925221e-01 
       3.263032530092e-01       1.372506888893e-01 
       3.374091587054e-01       1.283021833297e-01 
       3.489509817175e-01       1.191711946964e-01 
       3.609605657343e-01       1.108072921122e-01 
       3.734747921333e-01       1.036451081314e-01 
       3.865366902904e-01       9.714150079311e-02 
       4.001968667448e-01       9.061540085186e-02 
       4.145153713076e-01       8.403699931833e-02 
       4.295641718077e-01       7.789132181038e-02 
       4.454304922144e-01       7.234161659256e-02 
       4.622214006969e-01       6.709366391386e-02 
       4.800702491654e-01       6.189190632634e-02 
       4.991459272112e-01       5.692615562009e-02 
       5.196665217302e-01       5.231619202179e-02 
       5.419201087032e-01       4.783257019048e-02 
       5.662975451962e-01       4.348702300241e-02 
       5.933463737275e-01       3.933114999993e-02 
       6.238638458458e-01       3.525344894460e-02 
       6.590669257916e-01       3.126277848679e-02 
       7.009246080454e-01       2.728735373816e-02 
       7.528593308799e-01       2.327844588806e-02 
       8.213469537518e-01       1.914822870398e-02 
       9.196980813302e-01       1.481702477782e-02 
       1.075112183810e+00       1.035094133271e-02 
       1.322697471132e+00       6.379437389412e-03 
       1.662328205042e+00       3.705649495304e-03 
       2.092692408506e+00       2.124540376150e-03 
       2.634543445090e+00       1.207955620650e-03 
       3.316693691389e+00       6.817038470072e-04 
       4.175469971226e+00       3.821126948654e-04 
       5.256605252960e+00       2.128668099303e-04 
       6.617673932723e+00       1.179138788044e-04 
       8.331157880872e+00       6.497993003981e-05 
       1.048830636590e+01       3.563804683313e-05 
       1.320399541071e+01       1.945937039659e-05 
       1.662284535976e+01       1.058145174867e-05 
       2.092692243973e+01       5.731437127755e-06 
       2.634543445002e+01       3.092753673569e-06 
       3.316693691389e+01       1.662607139078e-06 
       4.175469971226e+01       8.902840730685e-07 
       5.256605252960e+01       4.746484396878e-07 
       6.617673932723e+01       2.517363093901e-07 
