# Matter power spectrum P(k) at redshift z=99
# for k=1.04775e-05 to 67.6233 h/Mpc,
# number of wavenumbers equal to 246
#    1:k (h/Mpc)              2:P (Mpc/h)^3        
       1.047750691046e-05       7.261927680866e-03 
       1.131335172503e-05       7.820331652436e-03 
       1.221587619537e-05       8.421675995459e-03 
       1.319039970183e-05       9.069258201854e-03 
       1.424266597921e-05       9.766638412138e-03 
       1.537887696968e-05       1.051764070802e-02 
       1.660572937635e-05       1.132639106726e-02 
       1.793045413292e-05       1.219733232716e-02 
       1.936085902198e-05       1.313524225779e-02 
       2.090537469327e-05       1.414527123400e-02 
       2.257310435294e-05       1.523296273824e-02 
       2.437387741694e-05       1.640429446289e-02 
       2.631830744443e-05       1.766569584059e-02 
       2.841785469300e-05       1.902408737006e-02 
       3.068489366414e-05       2.048692972773e-02 
       3.313278603720e-05       2.206225515944e-02 
       3.577595942169e-05       2.375870707439e-02 
       3.862999239199e-05       2.558560730204e-02 
       4.171170630578e-05       2.755297766278e-02 
       4.503926444729e-05       2.967161930475e-02 
       4.863227907969e-05       3.195316454235e-02 
       5.251192703764e-05       3.441013522949e-02 
       5.670107454120e-05       3.705601726472e-02 
       6.122441196689e-05       3.990533417799e-02 
       6.610859936996e-05       4.297372172780e-02 
       7.138242361596e-05       4.627802146617e-02 
       7.707696804727e-05       4.983636199467e-02 
       8.322579568497e-05       5.366826852947e-02 
       8.986514704559e-05       5.779476400724e-02 
       9.703415373875e-05       6.223848250514e-02 
       1.047750691046e-04       6.702379872778e-02 
       1.131335172503e-04       7.217695161068e-02 
       1.221587619537e-04       7.772619081852e-02 
       1.319039970183e-04       8.370193441291e-02 
       1.424266597921e-04       9.013692517147e-02 
       1.537887696968e-04       9.706641252908e-02 
       1.660572937635e-04       1.045283355385e-01 
       1.793045413292e-04       1.125635350267e-01 
       1.936085902198e-04       1.212159616259e-01 
       2.090537469327e-04       1.305329134105e-01 
       2.257310435294e-04       1.405652847712e-01 
       2.437387741694e-04       1.513678304152e-01 
       2.631830744443e-04       1.629994506606e-01 
       2.841785469300e-04       1.755234923093e-01 
       3.068489366414e-04       1.890080672426e-01 
       3.313278603720e-04       2.035264004602e-01 
       3.577595942169e-04       2.191571806015e-01 
       3.862999239199e-04       2.359849440107e-01 
       4.171170630578e-04       2.541004744244e-01 
       4.503926444729e-04       2.736012083190e-01 
       4.863227907969e-04       2.945916794101e-01 
       5.251192703764e-04       3.171839528559e-01 
       5.670107454121e-04       3.414980767637e-01 
       6.122441196689e-04       3.676625417013e-01 
       6.610859936996e-04       3.958147256515e-01 
       7.138242361596e-04       4.261013289373e-01 
       7.707696804727e-04       4.586787797353e-01 
       8.322579568497e-04       4.937136006288e-01 
       8.986514704559e-04       5.313826807051e-01 
       9.703415373875e-04       5.718734978236e-01 
       1.047750691046e-03       6.153841636042e-01 
       1.131335172503e-03       6.621233246498e-01 
       1.221587619537e-03       7.123098227999e-01 
       1.319039970183e-03       7.661720592634e-01 
       1.424266597921e-03       8.239546306463e-01 
       1.537887696968e-03       8.859011182852e-01 
       1.660572937635e-03       9.522588016467e-01 
       1.793045413292e-03       1.023280100901e+00 
       1.936085902198e-03       1.099216305740e+00 
       2.090537469327e-03       1.180312991698e+00 
       2.257310435294e-03       1.266804117183e+00 
       2.437387741694e-03       1.358904854830e+00 
       2.631830744443e-03       1.456802684680e+00 
       2.841785469300e-03       1.560646892147e+00 
       3.068489366414e-03       1.670536064230e+00 
       3.313278603720e-03       1.786503854016e+00 
       3.577595942169e-03       1.908502932733e+00 
       3.862999239199e-03       2.036387732756e+00 
       4.171170630578e-03       2.169896200633e+00 
       4.503926444729e-03       2.308631881210e+00 
       4.863227907969e-03       2.452047293224e+00 
       5.251192703764e-03       2.599430630348e+00 
       5.670107454120e-03       2.749896933992e+00 
       6.122441196689e-03       2.902386515336e+00 
       6.610859936996e-03       3.055668709036e+00 
       7.138242361596e-03       3.208356462260e+00 
       7.707696804727e-03       3.358923891519e+00 
       8.322579568496e-03       3.505724764164e+00 
       8.986514704559e-03       3.647009992400e+00 
       9.703415373875e-03       3.780923292898e+00 
       1.047750691046e-02       3.905490266131e+00 
       1.131335172503e-02       4.018588829980e+00 
       1.221587619537e-02       4.117902776548e+00 
       1.319039970183e-02       4.200915731859e+00 
       1.424266597920e-02       4.264941952018e+00 
       1.537887696964e-02       4.307217302655e+00 
       1.660572937560e-02       4.325059282642e+00 
       1.793045412207e-02       4.316050973709e+00 
       1.936085889642e-02       4.278230137409e+00 
       2.090537351881e-02       4.210204381318e+00 
       2.257309534705e-02       4.111417101811e+00 
       2.437382002240e-02       3.982420144752e+00 
       2.631799943729e-02       3.825165637098e+00 
       2.841644544598e-02       3.643279246666e+00 
       3.067933354524e-02       3.442185807383e+00 
       3.311368469821e-02       3.229221488934e+00 
       3.571840442514e-02       3.013497619455e+00 
       3.847720347390e-02       2.805261710378e+00 
       4.135335537314e-02       2.614387153197e+00 
       4.429361666563e-02       2.448100723468e+00 
       4.724366437916e-02       2.309203034785e+00 
       5.016480834039e-02       2.196073768793e+00 
       5.303989618930e-02       2.104322070069e+00 
       5.586870668205e-02       2.028413612236e+00 
       5.866042679206e-02       1.963095889809e+00 
       6.142798931504e-02       1.903714858408e+00 
       6.418496438662e-02       1.846408036554e+00 
       6.694418832236e-02       1.788116368349e+00 
       6.971731104453e-02       1.726627212286e+00 
       7.251476154108e-02       1.660555494890e+00 
       7.534587669814e-02       1.589364291171e+00 
       7.821907664495e-02       1.513317388116e+00 
       8.114203771084e-02       1.433440956704e+00 
       8.412184533139e-02       1.351349042076e+00 
       8.716512277352e-02       1.269119540758e+00 
       9.027813693913e-02       1.189029505890e+00 
       9.346688429613e-02       1.113325348975e+00 
       9.673716026122e-02       1.043986908378e+00 
       1.000946150608e-01       9.825063863960e-01 
       1.035447986307e-01       9.297248573548e-01 
       1.070931966524e-01       8.857322187332e-01 
       1.107452594180e-01       8.498269346037e-01 
       1.145064248899e-01       8.205422940193e-01 
       1.183821370656e-01       7.957426017951e-01 
       1.223778605591e-01       7.728443206321e-01 
       1.264990921707e-01       7.491275090025e-01 
       1.307513701078e-01       7.222072573828e-01 
       1.351402814485e-01       6.905346037420e-01 
       1.396714683894e-01       6.537809790925e-01 
       1.443506337875e-01       6.130013963200e-01 
       1.491835464900e-01       5.704193416277e-01 
       1.541760469368e-01       5.288890038292e-01 
       1.593340535209e-01       4.912101958037e-01 
       1.646635701934e-01       4.593902700796e-01 
       1.701706958081e-01       4.341697934429e-01 
       1.758616357070e-01       4.148138657811e-01 
       1.817427160581e-01       3.993035767183e-01 
       1.878204014651e-01       3.850074686691e-01 
       1.941013163855e-01       3.690892265252e-01 
       2.005922709060e-01       3.497815053766e-01 
       2.073002914514e-01       3.272363663215e-01 
       2.142326570343e-01       3.033652935681e-01 
       2.213969417044e-01       2.807217112033e-01 
       2.288010639201e-01       2.613217594552e-01 
       2.364533436625e-01       2.459757073087e-01 
       2.443625682390e-01       2.339691395319e-01 
       2.525380678946e-01       2.233110587727e-01 
       2.609898025770e-01       2.119227297865e-01 
       2.697284614969e-01       1.988677842911e-01 
       2.787655775073e-01       1.847262583806e-01 
       2.881136588192e-01       1.711627330476e-01 
       2.977863412019e-01       1.596448371702e-01 
       3.077985646248e-01       1.502659349909e-01 
       3.181667793367e-01       1.419829666604e-01 
       3.289091877084e-01       1.335227579705e-01 
       3.400460298905e-01       1.244253544521e-01 
       3.515999235695e-01       1.153831114028e-01 
       3.635962710278e-01       1.072729708046e-01 
       3.760637505499e-01       1.003117477945e-01 
       3.890349143014e-01       9.384081906666e-02 
       4.025469215929e-01       8.731140269749e-02 
       4.166424455447e-01       8.081589810996e-02 
       4.313708034899e-01       7.481451902273e-02 
       4.467893781976e-01       6.938667626043e-02 
       4.629654198623e-01       6.423765853889e-02 
       4.799783500912e-01       5.916687857895e-02 
       4.979227318246e-01       5.434806104002e-02 
       5.169121269689e-01       4.989683668031e-02 
       5.370841403262e-01       4.562707081534e-02 
       5.586070463286e-01       4.150684431977e-02 
       5.816885093582e-01       3.761924578172e-02 
       6.065870143577e-01       3.390176525600e-02 
       6.336266466978e-01       3.032640764241e-02 
       6.632156057925e-01       2.691508342921e-02 
       6.958678637575e-01       2.363263692641e-02 
       7.322247983784e-01       2.048857132921e-02 
       7.730680193171e-01       1.747428263102e-02 
       8.193049551574e-01       1.460381001206e-02 
       8.718988013754e-01       1.189745381052e-02 
       9.317218028590e-01       9.392422307200e-03 
       9.993660906273e-01       7.135457076002e-03 
       1.075037109879e+00       5.171487538206e-03 
       1.158653485387e+00       3.531572089075e-03 
       1.250099156961e+00       2.226600471722e-03 
       1.349432400897e+00       1.248134325850e-03 
       1.456947456991e+00       5.752033352998e-04 
       1.573135110893e+00       1.766905457871e-04 
       1.698621895119e+00       1.177345309495e-05 
       1.834127512423e+00       2.900317607416e-05 
       1.980444933977e+00       1.666670048444e-04 
       2.138435191130e+00       3.562288877798e-04 
       2.309029198543e+00       5.298355044992e-04 
       2.493232376993e+00       6.314255008310e-04 
       2.692130394536e+00       6.292012015408e-04 
       2.906895533764e+00       5.249174220166e-04 
       3.138793596840e+00       3.546705729984e-04 
       3.389191365541e+00       1.769137644385e-04 
       3.659564656886e+00       4.894767246061e-05 
       3.951507021438e+00       6.035379119019e-07 
       4.266739135513e+00       1.968537196486e-05 
       4.607118942658e+00       6.139748452220e-05 
       4.974652604172e+00       7.968255583225e-05 
       5.371506323193e+00       5.951890199638e-05 
       5.800019112071e+00       2.287117660714e-05 
       6.262716578240e+00       1.416574794363e-06 
       6.762325809881e+00       3.336108486750e-06 
       7.301791449077e+00       1.091962213909e-05 
       7.884293047211e+00       8.800925135725e-06 
       8.513263804891e+00       1.871863435391e-06 
       9.192410806865e+00       1.495787344860e-07 
       9.925736871166e+00       1.646880305102e-06 
       1.071756414128e+01       1.041362520931e-06 
       1.157255956041e+01       2.159276125664e-08 
       1.249576237789e+01       2.174901978357e-07 
       1.349261385000e+01       1.636791611418e-07 
       1.456898931011e+01       4.006547853277e-11 
       1.573123279727e+01       4.175074735539e-08 
       1.698619444729e+01       4.819301959052e-09 
       1.834127086665e+01       5.755402261104e-09 
       1.980444872733e+01       1.502724799376e-09 
       2.138435183937e+01       8.731466271666e-10 
       2.309029197863e+01       9.070892806183e-11 
       2.493232376942e+01       1.786485112978e-10 
       2.692130394533e+01       1.133960657725e-12 
       2.906895533764e+01       7.017307699981e-12 
       3.138793596840e+01       5.476984991493e-12 
       3.389191365541e+01       6.309902823495e-14 
       3.659564656886e+01       6.424473775120e-14 
       3.951507021438e+01       5.638959632868e-14 
       4.266739135513e+01       2.956375904353e-14 
       4.607118942658e+01       3.229025600194e-14 
       4.974652604172e+01       6.752792950545e-15 
       5.371506323193e+01       2.756734109619e-14 
       5.800019112071e+01       1.456251892256e-15 
       6.262716578240e+01       1.753771495484e-14 
       6.762325809881e+01       2.296615888897e-16 
