1.000000000000000036e-10 7.989572582731943433e-11
9.119267598459297677e-11 8.515057288414342829e-11
8.316104153230962029e-11 9.075103814900927345e-11
7.583677914997190516e-11 9.671985338640724072e-11
6.915758828738525392e-11 1.030812454589005678e-10
6.306665540567405506e-11 1.098610346616955296e-10
5.751217071841613559e-11 1.170867395247990699e-10
5.244688749495118707e-11 1.247876885081633644e-10
4.782772017727485432e-11 1.329951390431557167e-10
4.361537789208005370e-11 1.417424044035494304e-10
3.977403024058036491e-11 1.510649889209869041e-10
3.627100252330648086e-11 1.610007320937363355e-10
3.307649780744242651e-11 1.715899621736761755e-10
3.016334347259197483e-11 1.828756598548983760e-10
2.750676007908067448e-11 1.949036327283198857e-10
2.508415059277541164e-11 2.077227012104101743e-10
2.287490817355703964e-11 2.213848967006961129e-10
2.086024089248504767e-11 2.359456727723395002e-10
1.902301188668945834e-11 2.514641302530040176e-10
1.734759359233932571e-11 2.680032571095890928e-10
1.581973481578601379e-11 2.856301841104826657e-10
1.442643951218158857e-11 3.044164573030836138e-10
1.315585624045705184e-11 3.244383284125017728e-10
1.199717735435885536e-11 3.457770643401797123e-10
1.094054707205743563e-11 3.685192770186463057e-10
9.976977642363210919e-12 3.927572749612383746e-10
9.098272894455567715e-12 4.185894379337231334e-10
8.296958520834915573e-12 4.461206162685677088e-10
7.566218500481062867e-12 4.754625564426181234e-10
6.899837121430025566e-12 5.067343546455975987e-10
6.292146109610350533e-12 5.400629401804032947e-10
5.737976414214139263e-12 5.755835906572587501e-10
5.232614239486667181e-12 6.134404810728816591e-10
4.771760948938750295e-12 6.537872690033156165e-10
4.351496500925054685e-12 6.967877182856265185e-10
3.968246104569486209e-12 7.426163637200304448e-10
3.618749812411284068e-12 7.914592194902879091e-10
3.300034791125288633e-12 8.435145341778807547e-10
3.009390034449724220e-12 8.989935954344659698e-10
2.744343303228368279e-12 9.581215875786639307e-10
2.502640096417921806e-12 1.021138505598146823e-09
2.282224474186900947e-12 1.088300129266851434e-09
2.081221569986341573e-12 1.159879061331124147e-09
1.897921642839103292e-12 1.236165833978778365e-09
1.730765534195727638e-12 1.317470088082050837e-09
1.578331405652119674e-12 1.404121830000950628e-09
1.439322644719409514e-12 1.496472771048166708e-09
1.312556835771845424e-12 1.594897755052389661e-09
1.196955702359045318e-12 1.699796279814361683e-09
1.091535935331393239e-12 1.811594118631031076e-09
9.954008287621537927e-13 1.930745048469550690e-09
9.077326525210241876e-13 2.057732691805516360e-09
8.277856966198488999e-13 2.193072479601373847e-09
7.548799281653447139e-13 2.337313743392423388e-09
6.883952069645510000e-13 2.491041944972140135e-09
6.277660105806512639e-13 2.654881052726848619e-09
5.724766239702189757e-13 2.829496074264959232e-09
5.220567527846986258e-13 3.015595755620668376e-09
4.760775230226377835e-13 3.213935457987771293e-09
4.341478330055101397e-13 3.425320223660123730e-09
3.959110266468466874e-13 3.650608043622910076e-09
3.610418597173344898e-13 3.890713340057808022e-09
3.292437333007775390e-13 4.146610677897111817e-09
3.002461709085555437e-13 4.419338720491516353e-09
2.738025177927863271e-13 4.710004445447529858e-09
2.496878428884331669e-13 5.019787637745969149e-09
2.276970255381684607e-13 5.349945678378886788e-09
2.076430107255778903e-13 5.701818647941251315e-09
1.893552179756299062e-13 6.076834765892745039e-09
1.726780903884359482e-13 6.476516187566997608e-09
1.574697714643089952e-13 6.902485182457515393e-09
1.436008984651263660e-13 7.356470718857860272e-09
1.309535020482670293e-13 7.840315481582122919e-09
1.194200028133534810e-13 8.355983351250294414e-09
1.089022962263732783e-13 8.905567375495761890e-09
9.931091813749821015e-14 9.491298264449897716e-09
9.056428379445312116e-14 1.011555344498587778e-08
8.258799387844289553e-14 1.078086671047169420e-08
7.531420165974390485e-14 1.148993850520049699e-08
6.868103588995321604e-14 1.224564688524122104e-08
6.263207452198705157e-14 1.305105920019908372e-08
5.711586478126423824e-14 1.390944454330032601e-08
5.208548550577654822e-14 1.482428702033593899e-08
4.749814803228495147e-14 1.579929989132101855e-08
4.331483223376394234e-14 1.683844064226973311e-08
3.949995461220638952e-14 1.794592704826068875e-08
3.602106562357066352e-14 1.912625429299160837e-08
3.284857366030039957e-14 2.038421321430895162e-08
2.995549334359810162e-14 2.172490974977064052e-08
2.731721598441373368e-14 2.315378566116915055e-08
2.491130026067785938e-14 2.467664062213294225e-08
2.271728133026902561e-14 2.629965575845939004e-08
2.071649675602066874e-14 2.802941873672584827e-08
1.889192776207664370e-14 2.987295050301235819e-08
1.722805447131392155e-14 3.183773378026418010e-08
1.571072389247448697e-14 3.393174343996439415e-08
1.432702953409829382e-14 3.616347887139151491e-08
1.306520162124719923e-14 3.854199847984447694e-08
1.191450698119774739e-14 4.107695645386272303e-08
1.086515774652537186e-14 4.377864195067385307e-08
9.908228099003787819e-15 4.665802085892080955e-08
9.035578346138921373e-15 4.972678030817675345e-08
8.239785684528511756e-15 5.299737610591097026e-08
7.514081061116962179e-15 5.648308329444659923e-08
6.852291595284057445e-15 6.019805003311405511e-08
6.248788072006888048e-15 6.415735502430681550e-08
5.698437059469136149e-15 6.837706871652300999e-08
5.196557243827657124e-15 7.287431853281335349e-08
4.738879609717651175e-15 7.766735838938715198e-08
4.321511127789761707e-15 8.277564278655119284e-08
3.940901640403447430e-15 8.821990577270567841e-08
3.593813663804625706e-15 9.402224510190802459e-08
3.277294849923381851e-15 1.002062119265868526e-07
2.988652873550382529e-15 1.067969063894670096e-07
2.725432531281027804e-15 1.138210795027018046e-07
2.485394857429798337e-15 1.213072417277256464e-07
2.266498079273693003e-15 1.292857786965511906e-07
2.066880249629082065e-15 1.377890745442054810e-07
1.884843409033795524e-15 1.468516433529061915e-07
1.718839142817145648e-15 1.565102692414886826e-07
1.567455410205594972e-15 1.668041556687040791e-07
1.429404533431760975e-15 1.777750845563923344e-07
1.303512244681508990e-15 1.894675858783895144e-07
1.188707697711903385e-15 2.019291184035277524e-07
1.084014359178331002e-15 2.152102623263358048e-07
9.885417021919572861e-16 2.293649245673194326e-07
9.014776314524917589e-16 2.444505575761027927e-07
8.220815755240540564e-16 2.605283925255480056e-07
7.496781874966876882e-16 2.776636878433599413e-07
6.836516004510238108e-16 2.959259940899320858e-07
6.234401888627863970e-16 3.153894362575676176e-07
5.685317913873753576e-16 3.361330146368850334e-07
5.184593543892912659e-16 3.582409254716115114e-07
4.727969591600391172e-16 3.818029027032498815e-07
4.311561990318228590e-16 4.069145821927551389e-07
3.931828755705770148e-16 4.336778898975503314e-07
3.585539857459816813e-16 4.622014555794417199e-07
3.269749744511768048e-16 4.926010537226637997e-07
2.981772290019673516e-16 5.250000734516742868e-07
2.719157943036018825e-16 5.595300193560739610e-07
2.479672892502160189e-16 5.963310452554187345e-07
2.261280066337279297e-16 6.355525230704648200e-07
2.062121803999144451e-16 6.773536491098272074e-07
1.880504055128583389e-16 7.219040902328855008e-07
1.714881969870540985e-16 7.693846725117010523e-07
1.563846758302247877e-16 8.199881151871182242e-07
1.426113707194129821e-16 8.739198128981437484e-07
1.300511252173409984e-16 9.313986693595490002e-07
1.185971012337670655e-16 9.926579858715750841e-07
1.081518702552289208e-16 1.057946408268092982e-06
9.862658461312870676e-17 1.127528936146751360e-06
8.994022174092089642e-17 1.201687998477580839e-06
8.201889499202244821e-17 1.280724599955726600e-06
7.479522515621859291e-17 1.364959542751354694e-06
6.820776732865720320e-17 1.454734728615660818e-06
6.220048825634743944e-17 1.550414546628056134e-06
5.672228971644572952e-17 1.652387352217359789e-06
5.172657387216045327e-17 1.761067043460168383e-06
4.717084690917041550e-17 1.876894741054382545e-06
4.301635758106816925e-17 2.000340578786871330e-06
3.922776758927739761e-17 2.131905611762509221e-06
3.577285099367862278e-17 2.272123850140006641e-06
3.262222009711659968e-17 2.421564426629093224e-06
2.974907547214431100e-17 2.580833906547019691e-06
2.712897800372458770e-17 2.750578749810383809e-06
2.473964100886806662e-17 2.931487934855441308e-06
2.256074066496854610e-17 3.124295755137159037e-06
2.057374313432907378e-17 3.329784799557573301e-06
1.876174691439115775e-17 3.548789128920950723e-06
1.710933907269009941e-17 3.782197661308598096e-06
1.560246414366364626e-17 4.030957780114095105e-06
1.422830457214349157e-17 4.296079179383900960e-06
1.297517168657584171e-17 4.578637962070984691e-06
1.183240627458375536e-17 4.879781007836091490e-06
1.079028791516181371e-17 5.200730628124873579e-06
9.839952296278206682e-18 5.542789527415722416e-06
8.973315814583500993e-18 5.907346090775433542e-06
8.183006815867372326e-18 6.295880019184148969e-06
7.462302891391092000e-18 6.709968335503272394e-06
6.805073696735192827e-18 7.151291785463656297e-06
6.205728806776487428e-18 7.621641659655375262e-06
5.659170163246230834e-18 8.122927064208455340e-06
5.160748710385897009e-18 8.657182669676102984e-06
4.706224849841271715e-18 9.226576969572214472e-06
4.291732378422148942e-18 9.833421082083439288e-06
3.913745601980375969e-18 1.048017813068179473e-05
3.569049345675222524e-18 1.116947324171229306e-05
3.254711605531841552e-18 1.190410419953532542e-05
2.968058608665596110e-18 1.268705280247133968e-05
2.706652070033235702e-18 1.352149696564133603e-05
2.468268452255687234e-18 1.441082361982718143e-05
2.250880052095457282e-18 1.535864245870641729e-05
2.052637752709247854e-18 1.636880059026135509e-05
1.871855294965575343e-18 1.744539815183030875e-05
1.706994934038404502e-18 1.859280495218166936e-05
1.556654359271058889e-18 1.981567820815843540e-05
1.419554766050098573e-18 2.111898144788585912e-05
1.294529978227913486e-18 2.250800465726755797e-05
1.180516528568803210e-18 2.398838575154366496e-05
1.076544612842313762e-18 2.556613345906074352e-05
9.817298406188819949e-19 2.724765171013815486e-05
8.952657125996381469e-19 2.903976563002239834e-05
8.164167604921455283e-19 3.094974924143121061e-05
7.445122910795128033e-19 3.298535498913160631e-05
6.789406812696098674e-19 3.515484520638754718e-05
6.191441755977835096e-19 3.746702565099818368e-05
5.646141419303661581e-19 3.993128124704394520e-05
5.148867450137487580e-19 4.255761417741567786e-05
4.695390010680053012e-19 4.535668448173963649e-05
4.281851798652406683e-19 4.833985332447992373e-05
3.904735236885555825e-19 5.151922910884265526e-05
3.560832552629274355e-19 5.490771662365124991e-05
3.247218492073125576e-19 5.851906942267768945e-05
2.961225437988031504e-19 6.236794564902906123e-05
2.700420718837769674e-19 6.646996753117952671e-05
2.462585916350544111e-19 7.084178479213485086e-05
2.245697995539771518e-19 7.550114222909854226e-05
2.047912096665083441e-19 8.046695173794451571e-05
1.867545842761074156e-19 8.575936907483227710e-05
1.703065029252842561e-19 9.139987566653657940e-05
1.553070573933458342e-19 9.741136580154677457e-05
1.416286616299197456e-19 1.038182395558425440e-04
1.291549665014882813e-19 1.106465018305205630e-04
1.177798701197118064e-19 1.179238679032524017e-04
1.074066153333432274e-19 1.256798759220049998e-04
9.794696670695385943e-20 1.339460067976184522e-04
8.932045998580959558e-20 1.427558119818797620e-04
8.145371766280736820e-20 1.521450496497230682e-04
7.427982482564911256e-20 1.621518298383174466e-04
6.773775997517745103e-20 1.728167691321438860e-04
6.177187597338488048e-20 1.841831555219076164e-04
5.633142670601351654e-20 1.962971241064444489e-04
5.137013543351338557e-20 2.092078443507688185e-04
4.684580115873045172e-20 2.229677196603350087e-04
4.271993966306776835e-20 2.376326000815516060e-04
3.895745615775501199e-20 2.532620089918964494e-04
3.552634676578139217e-20 2.699193846997395953e-04
3.239742629528195715e-20 2.876723379344952669e-04
2.954407998880379785e-20 3.065929262722503698e-04
2.694203713681882197e-20 3.267579466107212345e-04
2.456916462982789999e-20 3.482492468806811740e-04
2.240527869300018250e-20 3.711540582590452161e-04
2.043197320195270482e-20 3.955653492320589733e-04
1.863246311931559939e-20 4.215822029456904618e-04
1.699144172034625835e-20 4.493102193748392775e-04
1.549495039314631610e-20 4.788619439437602552e-04
1.413025990599533732e-20 5.103573243374064528e-04
1.288576213185518017e-20 5.439241973578670198e-04
1.175087130904807537e-20 5.796988078019739855e-04
1.071593399822671152e-20 6.178263614661895844e-04
9.772146969725724691e-21 6.584616145233558636e-04
8.911482322840201747e-21 7.017695016635050985e-04
8.126619200091944796e-21 7.479258055483443707e-04
7.410881515641570178e-21 7.971178702966256373e-04
6.758181168161110186e-21 8.495453618964080760e-04
6.162966255132942007e-21 9.054210786306018163e-04
5.620173848083187819e-21 9.649718148052963823e-04
5.125186927053332509e-21 1.028439281286640380e-03
4.673795107992463726e-21 1.096081086582609190e-03
4.262158829015324705e-21 1.168171782451848939e-03
3.886776690892667575e-21 1.245003978283567821e-03
3.544455673970435358e-21 1.326889528771688477e-03
3.232283978181380764e-21 1.414160799703840718e-03
2.947606255124858443e-21 1.507172017003009009e-03
2.688001021537607498e-21 1.606300704497429753e-03
2.451260062033339938e-21 1.711949216254449397e-03
2.235369645909796598e-21 1.824546369698061467e-03
2.038493398252464337e-21 1.944549186138691977e-03
1.858956679635688379e-21 2.072444745779969139e-03
1.695232341554121215e-21 2.208752164731648485e-03
1.545927736419478610e-21 2.354024702053360025e-03
1.409772871628967720e-21 2.508852005381347061e-03
1.285609606943296521e-21 2.673862504253090612e-03
1.172381803286599763e-21 2.849725960843941305e-03
1.069126339173477170e-21 3.037156188469149632e-03
9.749649183484096798e-22 3.236913948885360593e-03
8.890965989529168146e-22 3.449810040151329946e-03
8.107909806731694585e-22 3.676708587581429578e-03
7.393819919175873499e-22 3.918530551149415099e-03
6.742622241778348964e-22 4.176257463578850714e-03
6.148777653810029272e-22 4.450935414292503563e-03
5.607234882852038365e-22 4.743679295391473212e-03
5.113387538414331401e-22 5.055677326897970239e-03
4.663034929742736586e-22 5.388195879629098864e-03
4.252346334528686040e-22 5.742584615277587790e-03
3.877828414589461325e-22 6.120281964562268584e-03
3.536295501355046340e-22 6.522820965683877835e-03
3.224842498408445487e-22 6.951835486783523171e-03
2.940820170587066833e-22 7.409066857660658381e-03
2.681812609453018133e-22 7.896370937667901435e-03
2.445616683452449044e-22 8.415725648470328418e-03
2.230223297965941094e-22 8.969239002244550410e-03
2.033800305846984123e-22 9.559157657902843733e-03
1.854676923084701381e-22 1.018787604007159731e-02
1.691329517029650585e-22 1.085794605783662117e-02
1.542368646296630572e-22 1.157208746270344500e-02
1.406527242105239161e-22 1.233319888781434642e-02
1.282649830528062438e-22 1.314436961322879363e-02
1.169682703970387134e-22 1.400889210502232092e-02
1.066664958279540857e-22 1.493027537909816238e-02
9.727203192450556895e-23 1.591225924395471905e-02
8.870496889654421365e-23 1.695882948021796774e-02
8.089243486805954948e-23 1.807423401855224460e-02
7.376797602527745886e-23 1.926300018161358762e-02
6.727099135712350308e-23 2.052995306002835044e-02
6.134621717992518311e-23 2.188023509698485899e-02
5.594325706169388396e-23 2.331932696092901131e-02
5.101615314749844048e-23 2.485306979108502928e-02
4.652299523960198469e-23 2.648768890609250887e-02
4.242556430717785710e-23 2.822981907199251933e-02
3.868900739327983566e-23 3.008653143212254230e-02
3.528154115380890381e-23 3.206536220822497896e-02
3.217418150676378194e-23 3.417434328926650944e-02
2.934049709215793360e-23 3.642203483212359816e-02
2.675638444552050758e-23 3.881756000645894544e-02
2.439986297259555226e-23 4.137064202481260250e-02
2.225088798128373896e-23 4.409164360821231365e-02
2.029118018046682355e-23 4.699160904748912737e-02
1.850407019542305941e-23 5.008230903101943549e-02
1.687435677727379149e-23 5.337628842084844033e-02
1.538817750038349462e-23 5.688691717111102331e-02
1.403289084785864591e-23 6.062844459542570535e-02
1.279696868215933742e-23 6.461605720352307791e-02
1.166989818617140271e-23 6.886594034187017155e-02
1.064209244064718076e-23 7.339534388847611390e-02
9.704808877380246687e-24 7.822265226853296338e-02
8.850074914473385044e-24 8.336745907507855935e-02
8.070620141149457883e-24 8.885064659755555205e-02
7.359814475265726129e-24 9.469447058107112458e-02
6.711611767496246254e-24 1.009226505603852270e-01
6.120498372476665109e-24 1.075604661352801694e-01
5.581446249454931988e-24 1.146348595780943558e-01
5.089870193519653366e-24 1.221745451898796214e-01
4.641588833612753420e-24 1.302101258490693525e-01
4.232789065573527227e-24 1.387742172256908879e-01
3.859993617679747498e-24 1.479015801653253970e-01
3.520031472796660801e-24 1.576292617801249296e-01
3.210010895543155322e-24 1.679967458195701924e-01
2.927294835042801167e-24 1.790461129313226651e-01
2.669478494034307239e-24 1.908222114626328958e-01
2.434368873543098014e-24 2.033728394955806318e-01
2.219966119119943431e-24 2.167489388550267737e-01
2.024446509976793337e-24 2.310048018767098255e-01
1.846146946324538289e-24 2.461982917747509159e-01
1.683550802961193735e-24 2.623910775030365850e-01
1.535275028780414892e-24 2.796488840637276763e-01
1.400058382468090330e-24 2.980417592788860981e-01
1.276750704319259136e-24 3.176443581080461431e-01
1.164303132920870778e-24 3.385362456656914598e-01
1.061759183482994727e-24 3.608022201686267305e-01
9.682466119303073964e-25 3.845326571239990887e-01
8.829699955494047156e-25 4.098238761550153098e-01
8.052039670825436508e-25 4.367785319532982991e-01
7.342870447166728103e-25 4.655060309446671374e-01
6.696160054853188339e-25 4.961229753595705061e-01
6.106407542232011505e-25 5.287536365106524361e-01
5.568596444286385595e-25 5.635304591983720801e-01
5.078152112327649485e-25 6.005945992920423970e-01
4.630902801799718412e-25 6.400964966683223567e-01
4.223044187206654796e-25 6.821964858325885173e-01
3.851107002325552930e-25 7.270654467016722799e-01
3.511927530450713559e-25 7.748854981894929272e-01
3.202620693657636837e-25 8.258507374106416332e-01
2.920555512182733304e-25 8.801680275024517108e-01
2.663332725174969789e-25 9.380578372631002138e-01
2.428764382460440568e-25 9.997551360138069443e-01
2.214855233726350091e-25 1.065510347317368600e+00
2.019785756819870183e-25 1.135590365423948978e+00
1.841896680799703215e-25 1.210279638569838001e+00
1.679674872092646254e-25 1.289881323526282264e+00
1.531740463702073568e-25 1.374718516084429076e+00
1.396835117988734034e-25 1.465135562470877506e+00
1.273811323186473266e-25 1.561499457016856551e+00
1.161622632608497060e-25 1.664201331753847990e+00
1.059314763518365689e-25 1.773658043981862997e+00
9.660174799522606325e-26 1.890313868254311691e+00
8.809371904473955212e-26 2.014642299646734802e+00
8.033501977124701945e-26 2.147147975629113859e+00
7.325965428215200022e-26 2.288368724342102922e+00
6.680743915695587612e-26 2.438877747591070566e+00
6.092349152400686667e-26 2.599285947418704001e+00
5.555776222398855416e-26 2.770244405699190171e+00
5.066461008921247912e-26 2.952447026818552089e+00
4.620241371751293860e-26 3.146633354167757357e+00
4.213321743847271860e-26 3.353591571880085276e+00
3.842240846055045182e-26 3.574161703996689532e+00
3.503842245290661189e-26 3.809239024045740774e+00
3.195247505759200277e-26 4.059777688873840162e+00
2.913831704832776479e-26 4.326794611479274799e+00
2.657201105324495767e-26 4.611373588566960890e+00
2.423172794237590824e-26 4.914669699577584261e+00
2.209756114795894143e-26 5.237913995047223104e+00
2.015135733815550317e-26 5.582418493326192888e+00
1.837656200388164889e-26 5.949581505938617454e+00
1.675807864530761945e-26 6.340893313198344927e+00
1.528214036025864640e-26 6.757942213117170027e+00
1.393619274224137690e-26 7.202420968157686509e+00
1.270878709202054314e-26 7.676133675998051409e+00
1.158948303439807088e-26 8.181003092195512139e+00
1.056875971184800708e-26 8.719078434471102312e+00
9.637934799615755906e-27 9.292543700293009579e+00
8.789090653419927797e-27 9.903726531517786924e+00
8.015006961565380952e-27 1.055510766207058637e+01
7.309099328602888006e-27 1.124933098701262679e+01
6.665363268124893088e-27 1.198921429386317961e+01
6.078323128297211671e-27 1.277776069973607598e+01
5.542985515684652127e-27 1.361817084071083706e+01
5.054796821191224833e-27 1.451385586291469032e+01
4.609604486828419624e-27 1.546845126804618609e+01
4.203621683844700958e-27 1.648583166953612889e+01
3.833395101766589488e-27 1.757012651924053515e+01
3.495775574363264764e-27 1.872573686850011399e+01
3.187891292677636158e-27 1.995735323159552621e+01
2.907123377272569520e-27 2.126997462410544415e+01
2.651083601908530702e-27 2.266892885344417508e+01
2.417594079169123227e-27 2.415989414393211021e+01
2.204668735239402907e-27 2.574892218417815570e+01
2.010496416260493076e-27 2.744246269031709318e+01
1.833425482562285003e-27 2.924738958480317663e+01
1.671949759731985113e-27 3.117102889701948598e+01
1.524695727017569826e-27 3.322118849894516046e+01
1.390410834090066798e-27 3.540618979657632792e+01
1.267952846786431360e-27 3.773490150573601909e+01
1.156280131207373073e-27 4.021677564936114635e+01
1.054442793526166195e-27 4.286188592237819250e+01
9.615746001432075671e-28 4.568096857989025494e+01
8.768856094587409313e-28 4.868546601463108203e+01
7.996554525892329919e-28 5.188757320056528499e+01
7.292272058728298273e-28 5.530028719114940117e+01
6.650018030431105172e-28 5.893745987315246992e+01
6.064329395408049650e-28 6.281385419017131966e+01
5.530224256192889175e-28 6.694520406403617585e+01
5.043159487171348061e-28 7.134827825732540418e+01
4.598992090522428486e-28 7.604094843620704580e+01
4.193943955667177624e-28 8.104226170985812416e+01
3.824569722466991114e-28 8.637251794089655732e+01
3.487727474814170606e-28 9.205335214062793625e+01
3.180552015332913159e-28 9.810782228353038192e+01
2.900430493863985561e-28 1.045605028974129596e+02
2.644980182427714688e-28 1.114375848091293051e+02
2.412028207618001861e-28 1.187669814506911905e+02
2.199593068030070186e-28 1.265784421572741820e+02
2.005867779508229873e-28 1.349036729169923206e+02
1.829204504846290104e-28 1.437764650625291551e+02
1.668100537200055688e-28 1.532328324270026769e+02
1.521185517986101639e-28 1.633111575207414603e+02
1.387209780541618132e-28 1.740523473222983171e+02
1.265033720395901222e-28 1.854999993160567158e+02
1.153618101736476041e-28 1.977005784503368773e+02
1.052015217616156917e-28 2.107036057342684785e+02
9.593608287093127095e-29 2.245618592389424748e+02
8.748668120479896137e-29 2.393315883186592430e+02
7.978144572076612759e-29 2.550727419217882641e+02
7.275483529196217270e-29 2.718492119179518340e+02
6.634708121092337380e-29 2.897290924291404508e+02
6.050367879391211803e-29 3.087849562173752815e+02
5.517492376129117004e-29 3.290941492507751036e+02
5.031548945038046490e-29 3.507391046435841417e+02
4.588404126454752164e-29 3.738076772444879339e+02
4.184288507901576051e-29 3.983935002312164215e+02
3.815764661271244595e-29 4.245963651588414791e+02
3.479697903887688250e-29 4.525226270043803538e+02
3.173229634734973237e-29 4.822856358516876298e+02
2.893753019050947509e-29 5.140061969688273393e+02
2.638890814457507460e-29 5.478130611453757410e+02
2.406475150015421632e-29 5.838434472798186334e+02
2.194529086203311448e-29 6.222435993382064225e+02
2.001249798969034963e-29 6.631693799447564288e+02
1.824993244816150374e-29 7.067869030136481570e+02
1.664260176485901989e-29 7.532732079898404436e+02
1.517683390283403740e-29 8.028169784356531409e+02
1.384016096573130042e-29 8.556193078796444524e+02
1.262121314522546089e-29 9.118945160364708045e+02
1.150962200885031147e-29 9.718710187105386922e+02
1.049593230558226671e-29 1.035792254914357272e+03
9.571521538991855517e-30 1.103917674964758135e+03
8.728526623848370100e-30 1.176523793567434950e+03
7.959777002314977837e-30 1.253905312164230963e+03
7.258733650817245291e-30 1.336376315098772466e+03
6.619433458774387384e-30 1.424271544455406683e+03
6.036438506075863803e-30 1.517947758745964848e+03
5.504789807854967785e-30 1.617785180959261197e+03
5.019965133110078984e-30 1.724189041850532476e+03
4.577840538376616438e-30 1.837591224735243941e+03
4.174655289253134661e-30 1.958452018463023478e+03
3.806979871402284210e-30 2.087261985686982371e+03
3.471686818926559796e-30 2.224543954011718142e+03
3.165924111983520791e-30 2.370855138101599550e+03
2.887090917359234475e-30 2.526789401362891567e+03
2.632815465648020054e-30 2.692979666379867467e+03
2.400934876860651669e-30 2.870100483888306826e+03
2.189476762856620717e-30 3.058870770713744150e+03
1.996642450109793230e-30 3.260056727787730324e+03
1.820791680099462457e-30 3.474474950085663295e+03
1.660428657187529705e-30 3.702995741109296432e+03
1.514189325304351996e-30 3.946546645367417113e+03
1.380829765218092280e-30 4.206116213191986390e+03
1.259215613694150955e-30 4.482758013171652237e+03
1.148312414543511137e-30 4.777594908487992143e+03
1.047176819485520266e-30 5.091823614511974483e+03
9.549485639791965594e-31 5.426719556159906460e+03
8.708431497690724054e-31 5.783642044723730578e+03
7.941451719029340486e-31 6.164039795188220523e+03
7.242022334607315500e-31 6.569456806429828248e+03
6.604193962330305009e-31 7.001538628163532849e+03
6.022541201461928011e-31 7.462039040074979312e+03
5.492116483887789219e-31 7.952827170248467155e+03
5.008407989848212794e-31 8.475895081782799025e+03
4.567301270168746777e-31 9.033365858388791821e+03
4.165044248545184971e-31 9.627502221787890448e+03
3.798215306190736337e-31 1.026071571588733968e+04
3.463694177371734363e-31 1.093557649501179003e+04
3.158635408267819166e-31 1.165482375591901291e+04
2.880444153396297882e-31 1.242137685594293907e+04
2.626754103723838417e-31 1.323834716239247609e+04
2.395407358720879267e-31 1.410905068130004838e+04
2.184436071149428435e-31 1.503702151677944130e+04
1.992045708453871175e-31 1.602602621562440072e+04
1.816599788375328648e-31 1.708007905536934049e+04
1.656605958949915247e-31 1.820345833786580988e+04
1.510703304486655644e-31 1.940072375451020707e+04
1.377650769549054963e-31 2.067673489360417079e+04
1.256316602474121355e-31 2.203667096496824161e+04
1.145668728634872678e-31 2.348605182187111859e+04
1.044765971560805177e-31 2.503076036559617569e+04
9.527500472427299711e-32 2.667706642358862518e+04
8.688382635251192696e-32 2.843165219809794507e+04
7.923168624866261700e-32 3.030163938861084898e+04
7.225349491787221835e-32 3.229461809816450113e+04
6.588989550799956668e-32 3.441867764086395619e+04
6.008675891719692965e-32 3.668243937565031229e+04
5.479472336900292513e-32 3.909509169959162682e+04
4.996877453854889024e-32 4.166642734272615780e+04
4.556786265841068591e-32 4.440688311583620816e+04
4.155455334718879486e-32 4.732758227248855110e+04
3.789470919074671289e-32 5.044037965727900155e+04
3.455719936762142805e-32 5.375790982353608706e+04
3.151363484866482313e-32 5.729363831579369435e+04
2.873812691851069199e-32 6.106191632517301332e+04
2.620706696483855191e-32 6.507803893952756334e+04
2.389892566231052655e-32 6.935830722477247764e+04
2.179406984302958170e-32 7.392009438938404492e+04
1.987459549580985817e-32 7.878191630063056073e+04
1.812417547374239544e-32 8.396350663874374004e+04
1.652792061464897205e-32 8.948589699407805165e+04
1.507225309310758676e-32 9.537150223237222235e+04
1.374479092677539339e-32 1.016442114745900763e+05
1.253424265461401911e-32 1.083294850606247346e+05
1.143031129114480947e-32 1.154544578904407681e+05
1.042360673976403224e-32 1.230480495620921283e+05
9.505565920101210600e-33 1.311410817536614486e+05
8.668379930019792229e-33 1.397664033255745599e+05
7.904927622696436557e-33 1.489590236510429822e+05
7.208715033782150433e-33 1.587562547158417583e+05
6.573820143409599021e-33 1.691978625641653780e+05
5.994842503189420732e-33 1.803262287052762113e+05
5.466857299720191806e-33 1.921865221360929136e+05
4.985373463873903531e-33 2.048268826779192314e+05
4.546295469532409126e-33 2.182986163714687864e+05
4.145888496832919660e-33 2.326564037232937408e+05
3.780746663599357225e-33 2.479585216488401638e+05
3.447764054734470895e-33 2.642670800129885320e+05
3.144108303147271389e-33 2.816482737281980808e+05
2.867196497493775515e-33 3.001726514334457461e+05
2.614673211801097356e-33 3.199154018445664551e+05
2.384390470093725414e-33 3.409566589382090606e+05
2.174389475600084242e-33 3.633818272081410396e+05
1.982883949127075398e-33 3.872819283141139313e+05
1.808244934877955579e-33 4.127539705302562215e+05
1.648986944471068292e-33 4.399013424925706931e+05
1.503755321299741538e-33 4.688342328437535907e+05
1.371314717753948337e-33 4.996700774785768590e+05
1.250538587290393936e-33 5.325340362051835982e+05
1.140399601970035422e-33 5.675595007570625748e+05
1.039960913954122481e-33 6.048886362176021794e+05
9.483681866285947236e-34 6.446729580548468512e+05
8.648423275731744186e-34 6.870739471086394042e+05
7.886728615614171896e-34 7.322637050261989934e+05
7.192118872221207185e-34 7.804256528066419996e+05
6.558685659571448551e-34 8.317552752896406455e+05
5.981040962380956671e-34 8.864609146100743674e+05
5.454271305329846995e-34 9.447646158393011428e+05
4.973895958790077847e-34 1.006903028245308436e+06
4.535828825510200065e-34 1.073128365829922725e+06
4.136343684063285831e-34 1.143709431041892851e+06
3.772042493417008832e-34 1.218932705820855685e+06
3.439826489022934979e-34 1.299103514400693355e+06
3.136869824566886114e-34 1.384547262592088198e+06
2.860595535175750603e-34 1.475610758574233856e+06
2.608653617622556009e-34 1.572663620556748006e+06
2.378901041078900415e-34 1.676099777025484480e+06
2.169383518385191202e-34 1.786339065661298344e+06
1.978318882784170298e-34 1.903828937422000803e+06
1.804081928719388359e-34 2.029046272703893948e+06
1.645190587753667537e-34 2.162499316954627633e+06
1.500293322019222830e-34 2.304729743594011758e+06
1.368157627967476080e-34 2.456314852615702432e+06
1.247659552630873482e-34 2.617869913793794811e+06
1.137774133221494961e-34 2.790050664005385246e+06
1.037566678745189182e-34 2.973555968805147335e+06
9.461848194722031431e-35 3.169130659055149648e+06
8.628512566366922336e-35 3.377568554123777431e+06
7.868571506936875981e-35 3.599715683924205601e+06
7.175560918936949899e-35 3.836473722870566417e+06
6.543586018883255690e-35 4.088803649690232705e+06
5.967271195973334794e-35 4.357729647946312092e+06
5.441714286865909691e-35 4.644343263103122823e+06
4.962444877628933898e-35 4.949807833007009700e+06
4.525386278170185202e-35 5.275363209765690379e+06
4.126820845702968435e-35 5.622330792192181572e+06
3.763358362286547950e-35 5.992118889238838106e+06
3.431907197459056810e-35 6.386228436191465706e+06
3.129648010670763127e-35 6.806259086825487204e+06
2.854009769829248890e-35 7.253915706250822172e+06
2.602647881969014925e-35 7.731015290799653158e+06
2.373424250023875843e-35 8.239494343044879846e+06
2.164389086064029205e-35 8.781416731882706285e+06
1.973764326300263558e-35 9.358982069583162665e+06
1.799928506782483742e-35 9.974534639810988680e+06
1.641402971144473112e-35 1.063057291285308823e+07
1.496839293077261691e-35 1.132975968667619489e+07
1.365007806546019495e-35 1.207493289497444965e+07
1.244787146187911140e-35 1.286911712607642263e+07
1.135154708921003719e-35 1.371553589946670271e+07
1.035177955630180535e-35 1.461762474974962324e+07
9.440064789417642278e-36 1.557904517116237804e+07
8.608647696149280112e-36 1.660369947923823819e+07
7.850456200204541883e-36 1.769574664993986115e+07
7.159041085964917091e-36 1.885961920055311546e+07
6.528521141127874109e-36 2.010004118086085469e+07
5.953533130814394144e-36 2.142204734761859104e+07
5.429186177618965115e-36 2.283100360016052425e+07
4.951020159556371604e-36 2.433262876008408144e+07
4.514967772036120420e-36 2.593301778341024742e+07
4.117319931161696203e-36 2.763866649944106489e+07
3.754694224073351903e-36 2.945649797672247887e+07
3.424006137971439501e-36 3.139389062313102558e+07
3.122442823092870733e-36 3.345870813414241746e+07
2.847439166467259377e-36 3.565933141083507985e+07
2.596655972934883104e-36 3.800469257718253136e+07
2.367960067833088235e-36 4.050431123471052200e+07
2.159406152103541026e-36 4.316833310166849196e+07
1.969220255479149243e-36 4.600757119354855269e+07
1.795784647002074894e-36 4.903354971210618317e+07
1.637624074521669005e-36 5.225855082101643085e+07
1.493393216124234967e-36 5.569566449802669138e+07
1.361865236756066076e-36 5.935884166595018655e+07
1.241921352701769367e-36 6.326295081815894693e+07
1.132541315152798728e-36 6.742383836840602756e+07
1.032794731918939810e-36 7.185839296993447840e+07
9.418331534647844665e-37 7.658461406494385004e+07
8.588828559546153018e-37 8.162168494264046848e+07
7.832382599179107597e-37 8.699005060241132975e+07
7.142559285543046458e-37 9.271150073816746473e+07
6.513490946272729381e-37 9.880925818067099154e+07
5.939826693920289729e-37 1.053080731568298042e+08
5.416686911033091525e-37 1.122343237485582530e+08
4.939621743878265021e-37 1.196161229589369893e+08
4.504573251759407933e-37 1.274834328202679753e+08
4.107840889965600201e-37 1.358681860071578026e+08
3.746050032748950887e-37 1.448044154482525885e+08
3.416123268585490123e-37 1.543283924627173543e+08
3.115254223555452877e-37 1.644787739821238816e+08
2.840883690183272223e-37 1.752967594553147554e+08
2.590677858687979807e-37 1.868262580731189847e+08
2.362508465477920909e-37 1.991140669916456640e+08
2.154434690031860247e-37 2.122100612775568962e+08
1.964686646180424305e-37 2.261673963463059962e+08
1.791650327363881179e-37 2.410427237149911225e+08
1.633853877809843656e-37 2.568964209455561936e+08
1.489955072852838412e-37 2.737928367116791010e+08
1.358729901902695336e-37 2.918005519840009212e+08
1.239062156947903028e-37 3.109926583938838243e+08
1.129933938033210062e-37 3.314470549054977298e+08
1.030416994950576864e-37 3.532467640004188418e+08
9.396648314954594725e-38 3.764802686581294537e+08
8.569055051268259289e-38 4.012418715001461506e+08
7.814350607844462160e-38 4.276320775555260181e+08
7.126115430111672655e-38 4.557580022013948560e+08
6.498495354469821998e-38 4.857338059342321157e+08
5.926151812475492080e-38 5.176811577366313934e+08
5.404216420705859420e-38 5.517297289203448296e+08
4.928249570040462764e-38 5.880177194499709606e+08
4.494202662119096012e-38 6.266924188837103844e+08
4.098383671757219236e-38 6.679108042078894377e+08
3.737425742391025745e-38 7.118401769918417931e+08
3.408258547423417165e-38 7.586588424493573904e+08
3.108082173869031863e-38 8.085568331628460884e+08
2.834343306151280095e-38 8.617366804077893496e+08
2.584713507469537544e-38 9.184142362082743645e+08
2.357069413996703870e-38 9.788195494601467848e+08
2.149474673437958475e-38 1.043197799677928209e+09
1.960163474319165645e-38 1.111810292155571699e+09
1.787525525904217094e-38 1.184935518580179453e+09
1.630092360979724343e-38 1.262870287403671741e+09
1.486524844997841820e-38 1.345930928560590267e+09
1.355601785329354967e-38 1.434454577421623468e+09
1.236209543736756539e-38 1.528800543194603920e+09
1.127332563710475590e-38 1.629351767326936007e+09
1.028044732093299221e-38 1.736516377829056978e+09
9.375015015145193148e-39 1.850729345827921391e+09
8.549327066268296576e-39 1.972454251074072599e+09
7.796360130405157739e-39 2.102185163568422556e+09
7.109709432312365370e-39 2.240448648946251392e+09
6.483534286054660817e-39 2.387805905757808208e+09
5.912508413831820248e-39 2.544855043320657253e+09
5.391774640387450271e-39 2.712233509389546394e+09
4.916903577627981204e-39 2.890620677497148991e+09
4.483855948021144709e-39 3.080740604467591286e+09
4.088948226294822554e-39 3.283364969295518875e+09
3.728821307182799485e-39 3.499316205318734169e+09
3.400411932703675075e-39 3.729470838398342133e+09
3.100926635931897835e-39 3.974763044655135155e+09
2.827817979625315202e-39 4.236188442202957630e+09
2.578762887593777237e-39 4.514808132269660950e+09
2.351642884494326899e-39 4.811753006107617378e+09
2.144526075971647698e-39 5.128228335175379753e+09
1.955650715865931221e-39 5.465518663221979141e+09
1.783410220709991730e-39 5.824993020129714966e+09
1.626339504048177356e-39 6.208110478678196907e+09
1.483102514336090699e-39 6.616426076784514427e+09
1.352480870417862934e-39 7.051597129256518364e+09
1.233363497913764590e-39 7.515389954678370476e+09
1.124737178364741511e-39 8.009687044732811928e+09
1.025677930744412416e-39 8.536494705058282852e+09
9.353431520292300726e-40 9.097951198656221390e+09
8.529644499740947606e-40 9.696335424900346756e+09
7.778411071286418241e-40 1.033407616937573051e+10
7.093341204987931731e-40 1.101376196209269714e+10
6.468607661546267663e-40 1.173815158408772659e+10
5.898896425508444748e-40 1.251018526505725098e+10
5.379361503980654037e-40 1.333299661747543335e+10
4.905583706365005783e-40 1.420992535563375282e+10
4.473533054498426188e-40 1.514453085122845840e+10
4.079534503452415611e-40 1.614060658051791954e+10
3.720236681413035145e-40 1.720219552168750763e+10
3.392583382740964109e-40 1.833360656491932297e+10
3.093787571730111323e-40 1.953943200177523804e+10
2.821307675939447509e-40 2.082456616487751770e+10
2.572825967447910915e-40 2.219422529354801178e+10
2.346228848142243423e-40 2.365396870603511047e+10
2.139588871343404177e-40 2.520972136426570892e+10
1.951148346846600291e-40 2.686779792271242905e+10
1.779304389918562685e-40 2.863492835898476410e+10
1.622595287078073858e-40 3.051828529017775726e+10
1.479688062686384249e-40 3.252551308585502243e+10
1.349367140588295506e-40 3.466475889582894135e+10
1.230524004359251577e-40 3.694470571867854309e+10
1.122147768207971057e-40 3.937460764522994995e+10
1.023316578330236536e-40 4.196432742004441071e+10
9.331897715733163318e-41 4.472437647337456512e+10
8.510007247122176887e-41 4.766595758607871246e+10
7.760503335133507796e-41 5.080101036065724182e+10
7.077010661181831445e-41 5.414225968298461914e+10
6.453715401646648953e-41 5.770326737142951202e+10
5.885315775191401833e-41 6.149848722300511169e+10
5.366976945540432101e-41 6.554332367998155975e+10
4.894289896114491610e-41 6.985419435507452393e+10
4.463233926710361035e-41 7.444859666899728394e+10
4.070142453219405820e-41 7.934517887085749817e+10
3.711671819475736680e-41 8.456381572965406799e+10
3.384772855945955104e-41 9.012568920410258484e+10
3.086664943337249327e-41 9.605337441822869873e+10
2.814812360507558064e-41 1.023709312916784973e+11
2.566902715491931102e-41 1.091040021966863251e+11
2.340827276178275406e-41 1.162799160380624237e+11
2.134663033324227948e-41 1.239277991786573792e+11
1.946656343342247238e-41 1.320786936605492401e+11
1.775208011717621462e-41 1.407656832017852783e+11
1.618859690178185920e-41 1.500240274800944519e+11
1.476281471909379011e-41 1.598913052486266785e+11
1.346260579298899977e-41 1.704075668645929565e+11
1.227691047988350294e-41 1.816154968499132690e+11
1.119564319483870276e-41 1.935605871437054138e+11
1.020960662306039198e-41 2.062913217498057556e+11
9.310413487069008640e-42 2.198593735287987366e+11
8.490415204088686283e-42 2.343198139333350830e+11
7.742636826811214217e-42 2.497313365379910889e+11
7.060717714137722555e-42 2.661564952710087891e+11
6.438857427240373649e-42 2.836619583148327637e+11
5.871766390733213262e-42 3.023187787060173950e+11
5.354620899273569461e-42 3.222026827328673706e+11
4.883022086877844953e-42 3.433943773013505859e+11
4.452958509942623799e-42 3.659798775168688354e+11
4.060772025700336299e-42 3.900508558115390015e+11
3.703126675869900673e-42 4.157050140340100098e+11
3.376980310825066893e-42 4.430464800121141357e+11
3.079558712914204805e-42 4.721862301979971313e+11
2.808331998823152424e-42 5.032425401111445923e+11
2.560993100258441045e-42 5.363414644076359863e+11
2.335438139906462580e-42 5.716173485242277832e+11
2.129748535745505678e-42 6.092133739738767090e+11
1.942174681489012446e-42 6.492821395061347656e+11
1.771121064345076057e-42 6.919862804911834717e+11
1.615132693503079771e-42 7.374991290415660400e+11
1.472882723907492728e-42 7.860054175510468750e+11
1.343161170046007134e-42 8.377020285060981445e+11
1.224864613750923286e-42 8.927987936134694824e+11
1.116986818467815813e-42 9.515193454874914551e+11
1.018610170155968970e-42 1.014102025353915283e+12
9.288978720164440765e-43 1.080800850454620361e+12
8.470868266557350641e-43 1.151886545079880371e+12
7.724811451403352794e-43 1.227647639412904297e+12
7.044462277298994095e-43 1.308391640646822021e+12
6.424033659394151074e-43 1.394446281127677490e+12
5.858248200152499697e-43 1.486160848589274414e+12
5.342293299538319168e-43 1.583907603879480469e+12
4.871780218794601280e-43 1.688083291932148682e+12
4.442706749606855904e-43 1.799110752117637207e+12
4.051423171114622311e-43 1.917440634508330078e+12
3.694601205199279566e-43 2.043553229025080078e+12
3.369205705980246545e-43 2.177960414889003662e+12
3.072468842708984770e-43 2.321207738291442871e+12
2.801866556459178067e-43 2.473876626714866699e+12
2.555097090352491412e-43 2.636586748892555664e+12
2.330061410696910200e-43 2.809998529986127930e+12
2.124845352498869954e-43 2.994815832189422852e+12
1.937703337477976991e-43 3.191788811639210938e+12
1.767043526088935853e-43 3.401716963228931641e+12
1.611414277253009919e-43 3.625452365683458008e+12
1.469491800624808304e-43 3.863903140067097656e+12
1.340068896363942496e-43 4.118037135761952148e+12
1.222044686631481101e-43 4.388885858877890625e+12
1.114415251466781358e-43 4.677548659039534180e+12
1.016265089392988959e-43 4.985197191543425781e+12
9.267593301146826951e-44 5.313080172997129883e+12
8.451366330684669947e-44 5.662528449743333008e+12
7.707027114212256290e-44 6.034960399640522461e+12
7.028244264308309500e-44 6.431887689125844727e+12
6.409244019356417779e-44 6.854921408928016602e+12
5.844761131633601491e-44 7.305778613333721680e+12
5.329994080844060323e-44 7.786289289550109375e+12
4.860564232142109102e-44 8.298403785452058594e+12
4.432478591240373141e-44 8.844200725861214844e+12
4.042095839796285067e-44 9.425895449490109375e+12
3.686095362172138820e-44 1.004584900079452148e+13
3.361449000108747813e-44 1.070657771323175977e+13
3.065395295056510858e-44 1.141076342282318945e+13
2.795415999067842120e-44 1.216126435347550195e+13
2.549214654451409948e-44 1.296112671824379883e+13
2.324697059985635929e-44 1.381359708362593750e+13
2.119953457536060096e-44 1.472213554707191602e+13
1.933242287555035225e-44 1.569042978119528125e+13
1.762975375287196649e-44 1.672241000169207422e+13
1.607704421673815440e-44 1.782226491971759375e+13
1.466108684046977052e-44 1.899445874347395312e+13
1.336983741824939837e-44 2.024374929801313281e+13
1.219231251649104502e-44 2.157520733680314453e+13
1.111849604819265306e-44 2.299423712344287109e+13
1.013925407558810139e-44 2.450659836706193750e+13
9.246257116405695926e-45 2.611842960044049219e+13
8.431909292866216744e-45 2.783627309574057422e+13
7.689283720758273547e-45 2.966710141897615234e+13
7.012063589007148877e-45 3.161834573100540234e+13
6.394488428556910611e-45 3.369792594991874219e+13
5.831305113526194344e-45 3.591428289724467188e+13
5.317723177850944830e-45 3.827641255845363281e+13
4.849374067335213500e-45 4.079390259682338281e+13
4.422273980505878821e-45 4.347697126886468750e+13
4.032789982193688490e-45 4.633650889927061719e+13
3.677609101601015431e-45 4.938412208372464844e+13
3.353710152002914858e-45 5.263218079898525781e+13
3.058338032378418934e-45 5.609386861146652344e+13
2.788980292380428094e-45 5.978323618809956250e+13
2.543345761304637878e-45 6.371525832667344531e+13
2.319345059274417915e-45 6.790589473714102344e+13
2.115072824868786109e-45 7.237215482058715625e+13
1.928791508020769876e-45 7.713216670879421875e+13
1.758916590327725297e-45 8.220525084463632812e+13
1.604003107056813382e-45 8.761199840194762500e+13
1.462733356201123884e-45 9.337435486316796875e+13
1.333905690039053178e-45 9.951570909400773438e+13
1.216424293857363045e-45 1.060609882766593906e+14
1.109289864895218208e-45 1.130367590869030781e+14
1.011591112223825562e-45 1.204713355257556562e+14
9.224970052592136504e-46 1.283948938433484844e+14
8.412497049736083398e-46 1.368395950215089219e+14
7.671581176779271073e-46 1.458397153121738438e+14
6.995920165435345782e-46 1.554317853614852500e+14
6.379766808606256344e-46 1.656547384842718750e+14
5.817880074344911636e-46 1.765500686907280938e+14
5.305480525369552385e-46 1.881619991067143125e+14
4.838209664925937086e-46 2.005376614712952812e+14
4.412092863191171578e-46 2.137272874400552812e+14
4.023505548869277028e-46 2.277844124706826250e+14
3.669142378402479221e-46 2.427660931183952500e+14
3.345989120549961356e-46 2.587331386231455000e+14
3.051297017182858401e-46 2.757503577286482500e+14
2.782559402207114463e-46 2.938868217350026875e+14
2.537490379733561490e-46 3.132161448526290000e+14
2.314005380130644591e-46 3.338167829954743750e+14
2.110203428568587883e-46 3.557723522262208750e+14
1.924350975230324397e-46 3.791719681460507500e+14
1.754867149648144881e-46 4.041106076065502500e+14
1.600310313738695199e-46 4.306894942118559375e+14
1.459365799155751793e-46 4.590165091757816250e+14
1.330834724654070615e-46 4.892066292015916250e+14
1.213623798344236748e-46 5.213823931616717500e+14
1.106736018095970076e-46 5.556743994713337500e+14
1.009262190987044229e-46 5.922218361755925000e+14
9.203731996618193305e-47 6.311730459003821250e+14
8.393129498166338346e-47 6.726861279614270000e+14
7.653919388230124024e-47 7.169295800745586250e+14
6.979813907830638964e-47 7.640829822721596250e+14
6.365079081295551672e-47 8.143377258017468750e+14
5.804485942768960465e-47 8.678977899651216250e+14
5.293266058360545372e-47 9.249805700512472500e+14
4.827070965603168269e-47 9.858177597234360000e+14
4.401935185208861516e-47 1.050656291442181250e+15
4.014242490499309785e-47 1.119759338741007250e+15
3.660695147596891280e-47 1.193407384423109500e+15
3.338285864731750852e-47 1.271899359014854250e+15
3.044272212064293524e-47 1.355553854096880750e+15
2.776153294436792245e-47 1.444710415437395500e+15
2.531648478631347851e-47 1.539730921176730750e+15
2.308677994187162545e-47 1.641001050656934500e+15
2.105345242766699665e-47 1.748931849857987750e+15
1.919920665593278866e-47 1.863961399795071750e+15
1.750827031735719817e-47 1.986556594648363000e+15
1.596626022101421913e-47 2.117215036842953000e+15
1.456005995020645620e-47 2.256467056770343000e+15
1.327770829355426444e-47 2.404877865349966000e+15
1.210829750232036925e-47 2.563049848167549000e+15
1.104188050854157875e-47 2.731625010501613000e+15
1.006938631476025033e-47 2.911287583162928000e+15
9.182542835656263551e-48 3.102766799723507500e+15
8.373806535266471915e-48 3.306839856407164000e+15
7.636298261282225582e-48 3.524335066656387500e+15
6.963744730628207623e-48 3.756135223179287500e+15
6.350425168595948814e-48 4.003181181122260000e+15
5.791122647641746041e-48 4.266475676913143000e+15
5.281079711934320269e-48 4.547087398274776000e+15
4.815957910192341218e-48 4.846155321928064000e+15
4.391800892596076850e-48 5.164893336592104000e+15
4.005000757873603116e-48 5.504595170045177000e+15
3.652267364308168036e-48 5.866639640244263000e+15
3.330600343624581676e-48 6.252496251818334000e+15
3.037263579703305305e-48 6.663731160650469000e+15
2.769761935036885304e-48 7.102013530757450000e+15
2.525820026962779384e-48 7.569122309270591000e+15
2.303362873142126721e-48 8.066953447016087000e+15
2.100498241653911004e-48 8.597527594001298000e+15
1.915500555573524096e-48 9.162998301044382000e+15
1.746796215127242277e-48 9.765660760836046000e+15
1.592950212572119766e-48 1.040796112391104200e+16
1.452653925946778330e-48 1.109250642734488800e+16
1.324713987866114802e-48 1.182207517647308400e+16
1.208042134677326401e-48 1.259962862258506000e+16
1.101645949633654624e-48 1.342832278236495400e+16
1.004620421346811166e-48 1.431152124786854000e+16
9.161402457138501973e-49 1.525280883902939800e+16
8.354528058382855094e-49 1.625600615410625200e+16
7.618717702322983807e-49 1.732518507713441200e+16
6.947712548460226021e-49 1.846468530532299200e+16
6.335804992658241179e-49 1.967913196347817200e+16
5.777790117970495328e-49 2.097345437695276800e+16
5.268921421350666064e-49 2.235290607931769200e+16
4.804870439655124172e-49 2.382308613596118400e+16
4.381689931514185998e-49 2.538996187017220400e+16
3.995780301895265413e-49 2.705989308394864800e+16
3.643858983763540849e-49 2.883965787183616400e+16
3.322932516398968334e-49 3.073648013258079200e+16
3.030271082866393343e-49 3.275805889025964400e+16
2.763385290053167153e-49 3.491259954389633600e+16
2.520004993764089615e-49 3.720884717240916800e+16
2.298059988758848661e-49 3.965612203007015200e+16
2.095662399480431035e-49 4.226435737654145600e+16
1.911090621689135890e-49 4.504413979504856800e+16
1.742774678408917189e-49 4.800675216233334400e+16
1.589282865622976320e-49 5.116421944479076800e+16
1.449309574126215035e-49 5.452935750668427200e+16
1.321664183946603834e-49 5.811582512854246400e+16
1.205260936870841399e-49 6.193817944686615200e+16
1.099109700929496164e-49 6.601193504018665600e+16
1.002307548283864277e-49 7.035362690128648000e+16
9.140310748756222199e-50 7.498087755119238400e+16
8.335293965098187033e-50 7.991246856733265600e+16
7.601177617955322766e-50 8.516841681620560000e+16
6.931717276155400502e-50 9.077005569997204800e+16
6.321218475812448704e-50 9.674012174673062400e+16
5.764488282925873589e-50 1.031028468959614240e+17
5.256791122018418690e-50 1.098840568537065120e+17
4.793808495089106731e-50 1.171112759166843840e+17
4.371602248248502158e-50 1.248138386908394400e+17
3.986581073580438706e-50 1.330230091577692160e+17
3.635469961293317893e-50 1.417721075722884960e+17
3.315282342319423230e-50 1.510966457062312640e+17
3.023294684405776162e-50 1.610344709874176640e+17
2.757023325609582378e-50 1.716259201188078400e+17
2.514203348142796388e-50 1.829139828014116480e+17
2.292769312865648782e-50 1.949444762254717760e+17
2.090837690555749905e-50 2.077662310381349760e+17
1.906690840512251896e-50 2.214312895424872960e+17
1.738762400216250413e-50 2.359951169324045440e+17
1.585623961771137236e-50 2.515168264205634240e+17
1.445972921792019617e-50 2.680594191734500800e+17
1.318621401394748506e-50 2.856900400272139520e+17
1.202486142037412308e-50 3.044802500222496640e+17
1.096579291267809937e-50 3.245063168627809920e+17
1.000000000000000008e-50 3.458495244803262720e+17
