# Matter power spectrum P(k) at redshift z=99
# for k=1.04775e-05 to 67.6233 h/Mpc,
# number of wavenumbers equal to 246
#    1:k (h/Mpc)              2:P (Mpc/h)^3        
       1.047750691338e-05       7.261927673155e-03 
       1.131335172818e-05       7.820331745776e-03 
       1.221587619877e-05       8.421675986530e-03 
       1.319039970550e-05       9.069258192239e-03 
       1.424266598317e-05       9.766638404469e-03 
       1.537887697396e-05       1.051764069687e-02 
       1.660572938097e-05       1.132639105525e-02 
       1.793045413791e-05       1.219733231422e-02 
       1.936085902737e-05       1.313524224387e-02 
       2.090537469909e-05       1.414527121900e-02 
       2.257310435923e-05       1.523296272199e-02 
       2.437387742372e-05       1.640429444538e-02 
       2.631830745176e-05       1.766569582186e-02 
       2.841785470091e-05       1.902408601802e-02 
       3.068489367268e-05       2.048692970602e-02 
       3.313278604643e-05       2.206225513605e-02 
       3.577595943165e-05       2.375870704921e-02 
       3.862999240274e-05       2.558560727491e-02 
       4.171170631739e-05       2.755297763357e-02 
       4.503926445983e-05       2.967161927331e-02 
       4.863227909323e-05       3.195316450847e-02 
       5.251192705226e-05       3.441013519301e-02 
       5.670107455699e-05       3.705601722544e-02 
       6.122441198393e-05       3.990533413582e-02 
       6.610859938837e-05       4.297372168224e-02 
       7.138242363583e-05       4.627802141711e-02 
       7.707696806873e-05       4.983636194184e-02 
       8.322579570814e-05       5.366826847258e-02 
       8.986514707061e-05       5.779476394597e-02 
       9.703415376577e-05       6.223848243915e-02 
       1.047750691338e-04       6.702379865673e-02 
       1.131335172818e-04       7.217695153416e-02 
       1.221587619877e-04       7.772619073609e-02 
       1.319039970550e-04       8.370193432417e-02 
       1.424266598317e-04       9.013692507590e-02 
       1.537887697396e-04       9.706641242618e-02 
       1.660572938097e-04       1.045283354277e-01 
       1.793045413791e-04       1.125635349074e-01 
       1.936085902737e-04       1.212159614974e-01 
       2.090537469909e-04       1.305329132721e-01 
       2.257310435923e-04       1.405652846222e-01 
       2.437387742372e-04       1.513678302547e-01 
       2.631830745176e-04       1.629994504878e-01 
       2.841785470091e-04       1.755234921233e-01 
       3.068489367268e-04       1.890080670422e-01 
       3.313278604643e-04       2.035264002445e-01 
       3.577595943165e-04       2.191571803691e-01 
       3.862999240274e-04       2.359849437604e-01 
       4.171170631739e-04       2.541004741551e-01 
       4.503926445983e-04       2.736012080290e-01 
       4.863227909323e-04       2.945916790978e-01 
       5.251192705226e-04       3.171839525197e-01 
       5.670107455699e-04       3.414980764017e-01 
       6.122441198393e-04       3.676625413116e-01 
       6.610859938837e-04       3.958147252320e-01 
       7.138242363583e-04       4.261013284936e-01 
       7.707696806873e-04       4.586787792368e-01 
       8.322579570814e-04       4.937136001403e-01 
       8.986514707061e-04       5.313826801419e-01 
       9.703415376577e-04       5.718734972175e-01 
       1.047750691338e-03       6.153841629522e-01 
       1.131335172818e-03       6.621233239480e-01 
       1.221587619877e-03       7.123098220432e-01 
       1.319039970550e-03       7.661720584768e-01 
       1.424266598317e-03       8.239546297736e-01 
       1.537887697396e-03       8.859011173462e-01 
       1.660572938097e-03       9.522588006392e-01 
       1.793045413791e-03       1.023280099817e+00 
       1.936085902737e-03       1.099216304575e+00 
       2.090537469909e-03       1.180312990447e+00 
       2.257310435923e-03       1.266804115839e+00 
       2.437387742372e-03       1.358904853392e+00 
       2.631830745176e-03       1.456802683137e+00 
       2.841785470091e-03       1.560646890495e+00 
       3.068489367268e-03       1.670536062465e+00 
       3.313278604643e-03       1.786503852114e+00 
       3.577595943165e-03       1.908502930728e+00 
       3.862999240274e-03       2.036387730632e+00 
       4.171170631739e-03       2.169896178536e+00 
       4.503926445983e-03       2.308631878866e+00 
       4.863227909323e-03       2.452047290800e+00 
       5.251192705226e-03       2.599430627882e+00 
       5.670107455699e-03       2.749896931539e+00 
       6.122441198393e-03       2.902386513056e+00 
       6.610859938837e-03       3.055668710613e+00 
       7.138242363583e-03       3.208356461029e+00 
       7.707696806873e-03       3.358923891659e+00 
       8.322579570814e-03       3.505725594586e+00 
       8.986514707061e-03       3.647009777547e+00 
       9.703415376577e-03       3.780923303092e+00 
       1.047750691338e-02       3.905491186344e+00 
       1.131335172818e-02       4.018587639378e+00 
       1.221587619877e-02       4.117901582465e+00 
       1.319039970550e-02       4.200915304528e+00 
       1.424266598317e-02       4.264942692366e+00 
       1.537887697392e-02       4.307219112961e+00 
       1.660572938023e-02       4.325061533050e+00 
       1.793045412706e-02       4.316057157841e+00 
       1.936085890181e-02       4.278232262948e+00 
       2.090537352463e-02       4.210197375437e+00 
       2.257309535333e-02       4.111422790410e+00 
       2.437382002918e-02       3.982421421321e+00 
       2.631799944462e-02       3.825167512518e+00 
       2.841644545389e-02       3.643280816435e+00 
       3.067933355377e-02       3.442191258236e+00 
       3.311368470740e-02       3.229242368453e+00 
       3.571840443502e-02       3.013512464555e+00 
       3.847720348444e-02       2.805282380823e+00 
       4.135335538431e-02       2.614411204684e+00 
       4.429361667738e-02       2.448132509070e+00 
       4.724366439141e-02       2.309233669541e+00 
       5.016480835311e-02       2.196111124045e+00 
       5.303989620246e-02       2.104364723360e+00 
       5.586870669566e-02       2.028468637378e+00 
       5.866042680613e-02       1.963152805590e+00 
       6.142798932958e-02       1.903781627468e+00 
       6.418496440164e-02       1.846478215345e+00 
       6.694418833788e-02       1.788195500469e+00 
       6.971731106057e-02       1.726715609456e+00 
       7.251476155766e-02       1.660655002989e+00 
       7.534587671527e-02       1.589469646994e+00 
       7.821907666265e-02       1.513436961761e+00 
       8.114203772912e-02       1.433565650868e+00 
       8.412184535029e-02       1.351491255742e+00 
       8.716512279304e-02       1.269271654436e+00 
       9.027813695930e-02       1.189187783974e+00 
       9.346688431697e-02       1.113500315207e+00 
       9.673716028276e-02       1.044172783002e+00 
       1.000946150830e-01       9.827022030117e-01 
       1.035447986537e-01       9.299355006939e-01 
       1.070931966762e-01       8.859561495379e-01 
       1.107452594425e-01       8.500675537212e-01 
       1.145064249153e-01       8.207993089207e-01 
       1.183821370918e-01       7.960220304066e-01 
       1.223778605862e-01       7.731409534146e-01 
       1.264990921987e-01       7.494461078196e-01 
       1.307513701367e-01       7.225511834948e-01 
       1.351402814784e-01       6.909026300684e-01 
       1.396714684203e-01       6.541730455554e-01 
       1.443506338194e-01       6.134189960288e-01 
       1.491835465229e-01       5.708601143692e-01 
       1.541760469708e-01       5.293580696473e-01 
       1.593340535561e-01       4.917032670723e-01 
       1.646635702297e-01       4.599120657875e-01 
       1.701706958456e-01       4.347203510464e-01 
       1.758616357459e-01       4.153991571173e-01 
       1.817427160982e-01       3.999281527840e-01 
       1.878204015065e-01       3.856725957187e-01 
       1.941013164283e-01       3.697979852062e-01 
       2.005922709503e-01       3.505339233358e-01 
       2.073002914972e-01       3.280305163874e-01 
       2.142326570816e-01       3.042008513311e-01 
       2.213969417533e-01       2.815973972770e-01 
       2.288010639706e-01       2.622425080411e-01 
       2.364533437147e-01       2.469455314643e-01 
       2.443625682930e-01       2.349971052168e-01 
       2.525380679504e-01       2.243999670534e-01 
       2.609898026346e-01       2.130743377373e-01 
       2.697284615565e-01       2.000815940030e-01 
       2.787655775689e-01       1.859986104571e-01 
       2.881136588829e-01       1.724950837072e-01 
       2.977863412677e-01       1.610429902803e-01 
       3.077985646929e-01       1.517366005505e-01 
       3.181667794071e-01       1.435336872974e-01 
       3.289091877812e-01       1.351541342363e-01 
       3.400460299658e-01       1.261359526550e-01 
       3.515999236474e-01       1.171717917157e-01 
       3.635962711085e-01       1.091448547721e-01 
       3.760637506334e-01       1.022759302666e-01 
       3.890349143879e-01       9.590221321947e-02 
       4.025469216825e-01       8.947004212121e-02 
       4.166424456376e-01       8.307232200685e-02 
       4.313708035863e-01       7.717375189145e-02 
       4.467893782977e-01       7.185680365132e-02 
       4.629654199664e-01       6.682250390363e-02 
       4.799783501994e-01       6.186865244647e-02 
       4.979227319373e-01       5.717056906773e-02 
       5.169121270864e-01       5.284826617246e-02 
       5.370841404489e-01       4.871183255888e-02 
       5.586070464571e-01       4.472969679402e-02 
       5.816885094930e-01       4.098684397222e-02 
       6.065870144995e-01       3.742099401333e-02 
       6.336266468475e-01       3.400295962460e-02 
       6.632156059511e-01       3.075641515028e-02 
       6.958678639263e-01       2.764460516465e-02 
       7.322247985589e-01       2.467734321513e-02 
       7.730680195114e-01       2.184290015611e-02 
       8.193049553677e-01       1.915149741464e-02 
       8.718988016039e-01       1.661550890890e-02 
       9.317218031082e-01       1.426006815648e-02 
       9.993660908989e-01       1.211470289594e-02 
       1.075037110174e+00       1.020330322209e-02 
       1.158653485707e+00       8.535773269884e-03 
       1.250099157308e+00       7.104693638860e-03 
       1.349432401273e+00       5.888394798276e-03 
       1.456947457397e+00       4.860351789396e-03 
       1.573135111331e+00       3.993663186626e-03 
       1.698621895592e+00       3.263795398434e-03 
       1.834127512934e+00       2.649469927479e-03 
       1.980444934528e+00       2.132712105886e-03 
       2.138435191726e+00       1.698269373661e-03 
       2.309029199186e+00       1.333583228428e-03 
       2.493232377687e+00       1.028295572605e-03 
       2.692130395285e+00       7.739568687434e-04 
       2.906895534573e+00       5.638678906717e-04 
       3.138793597714e+00       3.927701125431e-04 
       3.389191366484e+00       2.565960029816e-04 
       3.659564657905e+00       1.522100682429e-04 
       3.951507022538e+00       7.704124701533e-05 
       4.266739136701e+00       2.869350593024e-05 
       4.607118943941e+00       4.455736052612e-06 
       4.974652605557e+00       8.176348206118e-07 
       5.371506324689e+00       1.304371551914e-05 
       5.800019113685e+00       3.498821277998e-05 
       6.262716579983e+00       5.934292024152e-05 
       6.762325811764e+00       7.852060744492e-05 
       7.301791451110e+00       8.620137045489e-05 
       7.884293049406e+00       7.927758035017e-05 
       8.513263807261e+00       5.947639448363e-05 
       9.192410809424e+00       3.356484783467e-05 
       9.925736873929e+00       1.120147806429e-05 
       1.071756414427e+01       4.780770165254e-07 
       1.157255956364e+01       3.087370553824e-06 
       1.249576238137e+01       1.261377891450e-05 
       1.349261385375e+01       1.866456669155e-05 
       1.456898931416e+01       1.519742623028e-05 
       1.573123280165e+01       5.962346572095e-06 
       1.698619445202e+01       2.089856915764e-07 
       1.834127087176e+01       1.726167789756e-06 
       1.980444873285e+01       4.719298935620e-06 
       2.138435184532e+01       3.305338751695e-06 
       2.309029198506e+01       3.399687783376e-07 
       2.493232377636e+01       4.662762029033e-07 
       2.692130395282e+01       1.298434571444e-06 
       2.906895534573e+01       3.616296281369e-07 
       3.138793597714e+01       7.452339882763e-08 
       3.389191366484e+01       3.528127418465e-07 
       3.659564657905e+01       3.206813097083e-08 
       3.951507022538e+01       7.911685155549e-08 
       4.266739136701e+01       3.756379456357e-08 
       4.607118943941e+01       1.561737646997e-08 
       4.974652605557e+01       1.106103575795e-08 
       5.371506324689e+01       5.893816785264e-09 
       5.800019113685e+01       7.083048875523e-10 
       6.262716579983e+01       2.074955424405e-09 
       6.762325811764e+01       2.299208666915e-10 
