# Matter power spectrum P(k) at redshift z=99
# for k=1.04775e-05 to 66.1767 h/Mpc,
# number of wavenumbers equal to 130
#    1:k (h/Mpc)              2:P (Mpc/h)^3        
       1.047750691046e-05       7.262864023086e-03 
       1.319039970183e-05       9.070429410408e-03 
       1.660572937635e-05       1.132785176518e-02 
       2.090537469327e-05       1.414709363155e-02 
       2.631830744443e-05       1.766797406221e-02 
       3.313278603720e-05       2.206509990048e-02 
       4.171170630578e-05       2.755652805342e-02 
       5.251192703764e-05       3.441457195557e-02 
       6.610859936996e-05       4.297926192092e-02 
       8.322579568497e-05       5.367518077977e-02 
       1.047750691046e-04       6.703242276730e-02 
       1.319039970183e-04       8.371268866496e-02 
       1.660572937635e-04       1.045417295414e-01 
       2.090537469327e-04       1.305495729779e-01 
       2.631830744443e-04       1.630201213544e-01 
       3.313278603720e-04       2.035519484733e-01 
       4.171170630578e-04       2.541318480271e-01 
       5.251192703764e-04       3.172220770440e-01 
       6.610859936996e-04       3.958602285818e-01 
       8.322579568497e-04       4.937662023829e-01 
       1.047750691046e-03       6.154413405899e-01 
       1.319039970183e-03       7.662261318688e-01 
       1.660572937635e-03       9.522902820357e-01 
       2.090537469327e-03       1.180274720301e+00 
       2.631830744443e-03       1.456586384115e+00 
       3.313278603720e-03       1.785857522931e+00 
       4.171170630578e-03       2.168224362179e+00 
       5.251192703764e-03       2.595311766016e+00 
       6.610859936996e-03       3.045729771433e+00 
       8.322579568497e-03       3.482197040121e+00 
       1.047750691046e-02       3.851398726350e+00 
       1.319039970183e-02       4.081627655835e+00 
       1.660572937633e-02       4.075169568795e+00 
       2.090537453514e-02       3.719046009970e+00 
       2.631818545635e-02       2.939499137322e+00 
       3.311571692125e-02       1.816222018471e+00 
       4.113809243311e-02       7.494948688880e-01 
       4.792590854610e-02       2.355141294223e-01 
       5.284436902701e-02       6.335300751997e-02 
       5.689644391095e-02       8.829729941136e-03 
       6.051252627066e-02       3.228299679830e-04 
       6.388413457411e-02       9.531633323647e-03 
       6.711249296401e-02       2.321913494745e-02 
       7.025823437965e-02       3.493517369662e-02 
       7.336115587705e-02       4.187629193519e-02 
       7.644928796912e-02       4.340119042657e-02 
       7.954353299775e-02       4.017054958906e-02 
       8.266024078725e-02       3.356757674044e-02 
       8.581273398637e-02       2.524741227808e-02 
       8.901225918437e-02       1.680081100446e-02 
       9.226860540985e-02       9.503792137450e-03 
       9.559052048996e-02       4.162495034725e-03 
       9.898599946599e-02       1.062189866890e-03 
       1.024624891378e-01       1.152176346728e-05 
       1.060270359164e-01       4.686566269724e-04 
       1.096863943056e-01       1.717696494644e-03 
       1.134471073830e-01       3.056977123545e-03 
       1.173155669539e-01       3.957377371429e-03 
       1.212980586983e-01       4.156429488337e-03 
       1.254007961065e-01       3.670268524901e-03 
       1.296299459934e-01       2.728307413569e-03 
       1.339916477160e-01       1.657069667030e-03 
       1.384920277736e-01       7.544455283379e-04 
       1.431372111762e-01       1.962720240050e-04 
       1.479333307714e-01       2.950761702814e-06 
       1.528865355934e-01       6.862988530020e-05 
       1.580029992204e-01       2.324667847972e-04 
       1.632889290723e-01       3.560287163537e-04 
       1.687505775527e-01       3.726385901163e-04 
       1.743942559171e-01       2.926827902582e-04 
       1.802263517371e-01       1.721204488376e-04 
       1.862533508214e-01       6.927365164728e-05 
       1.924818644494e-01       1.293483484687e-05 
       1.989186627765e-01       9.268418930893e-08 
       2.055707152847e-01       8.421330162529e-06 
       2.124452391818e-01       1.721202790118e-05 
       2.195497567139e-01       1.803886761681e-05 
       2.268921624510e-01       1.217993516320e-05 
       2.344808017550e-01       5.339571964299e-06 
       2.423245618548e-01       1.366836561261e-06 
       2.504329772620e-01       7.788454802148e-08 
       2.588163516754e-01       9.582302745144e-08 
       2.674858990930e-01       3.088024912589e-07 
       2.764539076010e-01       3.269765913162e-07 
       2.857339303080e-01       2.552532476722e-07 
       2.953410092148e-01       1.374272196608e-07 
       3.052919395542e-01       6.337462226207e-08 
       3.156055844677e-01       2.684874033339e-08 
       3.263032530092e-01       4.645817431336e-09 
       3.374091587054e-01       3.454808358669e-10 
       3.489509817175e-01       1.168994650539e-09 
       3.609605657343e-01       2.112413065559e-09 
       3.734747921333e-01       2.434374272078e-09 
       3.865366902904e-01       6.219717176145e-10 
       4.001968667448e-01       1.111763114524e-11 
       4.145153713076e-01       8.063012308326e-10 
       4.295641718077e-01       1.322948513736e-09 
       4.454304922144e-01       1.926820104421e-09 
       4.622214006969e-01       1.038612645589e-09 
       4.800702491654e-01       2.363140038456e-10 
       4.991459272112e-01       8.977852740780e-11 
       5.196665217302e-01       6.752943043132e-11 
       5.419201087032e-01       5.158719811353e-11 
       5.662975451962e-01       3.512631878723e-11 
       5.933463737275e-01       2.855735537503e-11 
       6.238638458458e-01       3.121980054743e-11 
       6.590669257916e-01       2.647997769470e-11 
       7.009246080454e-01       7.677471136340e-11 
       7.528593308799e-01       4.355899740979e-11 
       8.213469537518e-01       1.554624972590e-12 
       9.196980813302e-01       1.595581274501e-12 
       1.075112183810e+00       3.519102505470e-13 
       1.322697471132e+00       1.555985309529e-13 
       1.662328205042e+00       8.644269403393e-15 
       2.092692408506e+00       9.003638604802e-14 
       2.634543445090e+00       2.124279184070e-16 
       3.316693691389e+00       1.414192954679e-14 
       4.175469971226e+00       8.604316761181e-15 
       5.256605252960e+00       3.372761961108e-17 
       6.617673932723e+00       7.250509774527e-19 
       8.331157880872e+00       9.000345934441e-18 
       1.048830636590e+01       3.670588535561e-18 
       1.320399541071e+01       2.817368273353e-18 
       1.662284535976e+01       8.681490442715e-19 
       2.092692243973e+01       1.389294135184e-19 
       2.634543445002e+01       1.452732614966e-19 
       3.316693691389e+01       4.376533761303e-20 
       4.175469971226e+01       9.446849871186e-21 
       5.256605252960e+01       2.032249046568e-21 
       6.617673932723e+01       2.593072554626e-23 
