# Matter power spectrum P(k) at redshift z=0
# for k=1.04775e-05 to 66.1767 h/Mpc,
# number of wavenumbers equal to 130
#    1:k (h/Mpc)              2:P (Mpc/h)^3        
       1.047750691046e-05       5.020964833328e+01 
       1.319039970183e-05       6.270562850120e+01 
       1.660572937635e-05       7.831146694396e+01 
       2.090537469327e-05       9.780107234445e+01 
       2.631830744443e-05       1.221408204595e+02 
       3.313278603720e-05       1.525374505119e+02 
       4.171170630578e-05       1.904976001764e+02 
       5.251192703764e-05       2.379022228356e+02 
       6.610859936996e-05       2.970989227744e+02 
       8.322579568497e-05       3.710167327176e+02 
       1.047750691046e-04       4.633080766770e+02 
       1.319039970183e-04       5.785234110078e+02 
       1.660572937635e-04       7.223242666070e+02 
       2.090537469327e-04       9.017396264073e+02 
       2.631830744443e-04       1.125468123881e+03 
       3.313278603720e-04       1.404223053604e+03 
       4.171170630578e-04       1.751108028012e+03 
       5.251192703764e-04       2.181998447110e+03 
       6.610859936996e-04       2.715889982610e+03 
       8.322579568497e-04       3.375152331538e+03 
       1.047750691046e-03       4.185552158109e+03 
       1.319039970183e-03       5.175742694732e+03 
       1.660572937635e-03       6.376122896255e+03 
       2.090537469327e-03       7.815671453109e+03 
       2.631830744443e-03       9.517781631271e+03 
       3.313278603720e-03       1.149357050515e+04 
       4.171170630578e-03       1.373264906671e+04 
       5.251192703764e-03       1.619060616284e+04 
       6.610859936996e-03       1.877452783412e+04 
       8.322579568497e-03       2.132587784233e+04 
       1.047750691046e-02       2.360502607636e+04 
       1.319039970183e-02       2.528111959730e+04 
       1.660572937633e-02       2.594790763003e+04 
       2.090537453514e-02       2.520431736280e+04 
       2.631818545635e-02       2.286034915154e+04 
       3.311571692125e-02       1.926775597601e+04 
       4.113809243311e-02       1.565379072167e+04 
       4.792590854610e-02       1.356927992231e+04 
       5.284436902701e-02       1.254186647874e+04 
       5.689644391095e-02       1.189963853522e+04 
       6.051252627066e-02       1.141393808122e+04 
       6.388413457411e-02       1.098939661557e+04 
       6.711249296401e-02       1.057812762547e+04 
       7.025823437965e-02       1.015449905593e+04 
       7.336115587705e-02       9.706227487529e+03 
       7.644928796912e-02       9.230217580948e+03 
       7.954353299775e-02       8.730233499954e+03 
       8.266024078725e-02       8.215284541633e+03 
       8.581273398637e-02       7.697662113099e+03 
       8.901225918437e-02       7.191548489397e+03 
       9.226860540985e-02       6.711111529674e+03 
       9.559052048996e-02       6.269087190328e+03 
       9.898599946599e-02       5.875140185580e+03 
       1.024624891378e-01       5.535116460138e+03 
       1.060270359164e-01       5.250258498967e+03 
       1.096863943056e-01       5.017065370652e+03 
       1.134471073830e-01       4.827408244877e+03 
       1.173155669539e-01       4.668992746889e+03 
       1.212980586983e-01       4.526728390044e+03 
       1.254007961065e-01       4.384152496893e+03 
       1.296299459934e-01       4.226227917090e+03 
       1.339916477160e-01       4.042197272849e+03 
       1.384920277736e-01       3.828170517095e+03 
       1.431372111762e-01       3.588350138015e+03 
       1.479333307714e-01       3.334381689988e+03 
       1.528865355934e-01       3.082516998813e+03 
       1.580029992204e-01       2.849604632161e+03 
       1.632889290723e-01       2.648941797983e+03 
       1.687505775527e-01       2.486751544295e+03 
       1.743942559171e-01       2.360923603509e+03 
       1.802263517371e-01       2.261275722489e+03 
       1.862533508214e-01       2.172962461941e+03 
       1.924818644494e-01       2.079582534898e+03 
       1.989186627765e-01       1.968560434740e+03 
       2.055707152847e-01       1.837859976945e+03 
       2.124452391818e-01       1.696410142196e+03 
       2.195497567139e-01       1.558720035019e+03 
       2.268921624510e-01       1.437570152422e+03 
       2.344808017550e-01       1.339496823034e+03 
       2.423245618548e-01       1.262598281094e+03 
       2.504329772620e-01       1.196985708041e+03 
       2.588163516754e-01       1.130214794198e+03 
       2.674858990930e-01       1.055024121706e+03 
       2.764539076010e-01       9.725767290346e+02 
       2.857339303080e-01       8.911553860218e+02 
       2.953410092148e-01       8.199986405207e+02 
       3.052919395542e-01       7.616906473130e+02 
       3.156055844677e-01       7.115406409890e+02 
       3.263032530092e-01       6.623481141221e+02 
       3.374091587054e-01       6.100205278005e+02 
       3.489509817175e-01       5.571783232286e+02 
       3.609605657343e-01       5.088547062899e+02 
       3.734747921333e-01       4.673030262180e+02 
       3.865366902904e-01       4.296420036972e+02 
       4.001968667448e-01       3.923508482819e+02 
       4.145153713076e-01       3.552771235118e+02 
       4.295641718077e-01       3.208715518076e+02 
       4.454304922144e-01       2.899232782569e+02 
       4.622214006969e-01       2.609658424293e+02 
       4.800702491654e-01       2.327545008061e+02 
       4.991459272112e-01       2.061995313250e+02 
       5.196665217302e-01       1.818530273787e+02 
       5.419201087032e-01       1.586659020927e+02 
       5.662975451962e-01       1.367025171066e+02 
       5.933463737275e-01       1.162135434841e+02 
       6.238638458458e-01       9.676527284361e+01 
       6.590669257916e-01       7.846445367391e+01 
       7.009246080454e-01       6.114747319787e+01 
       7.528593308799e-01       4.484528900741e+01 
       8.213469537518e-01       2.964174917063e+01 
       9.196980813302e-01       1.604393450664e+01 
       1.075112183810e+00       5.581547663312e+00 
       1.322697471132e+00       6.084198025430e-01 
       1.662328205042e+00       5.119105809552e-02 
       2.092692408506e+00       3.369981263766e-01 
       2.634543445090e+00       2.379222095304e-01 
       3.316693691389e+00       4.817483944138e-02 
       4.175469971226e+00       8.425296021492e-05 
       5.256605252960e+00       2.619464556127e-03 
       6.617673932723e+00       4.470996912444e-04 
       8.331157880872e+00       1.684151216443e-05 
       1.048830636590e+01       7.345821206466e-06 
       1.320399541071e+01       3.005747786882e-07 
       1.662284535976e+01       7.643140657028e-10 
       2.092692243973e+01       3.033409611510e-09 
       2.634543445002e+01       4.658365932849e-10 
       3.316693691389e+01       2.843739759886e-10 
       4.175469971226e+01       1.104444322258e-10 
       5.256605252960e+01       4.157057507770e-11 
       6.617673932723e+01       1.446500145567e-11 
