# Matter power spectrum P(k) at redshift z=99
# for k=1.04775e-05 to 66.1767 h/Mpc,
# number of wavenumbers equal to 130
#    1:k (h/Mpc)              2:P (Mpc/h)^3        
       1.047750691046e-05       7.261927792237e-03 
       1.319039970183e-05       9.069258341608e-03 
       1.660572937635e-05       1.132639124075e-02 
       2.090537469327e-05       1.414527145030e-02 
       2.631830744443e-05       1.766569596203e-02 
       3.313278603720e-05       2.206225549671e-02 
       4.171170630578e-05       2.755297808203e-02 
       5.251192703764e-05       3.441013576032e-02 
       6.610859936996e-05       4.297372238546e-02 
       8.322579568497e-05       5.366826934738e-02 
       1.047750691046e-04       6.702379975171e-02 
       1.319039970183e-04       8.370193569139e-02 
       1.660572937635e-04       1.045283371295e-01 
       2.090537469327e-04       1.305329153877e-01 
       2.631830744443e-04       1.629994530966e-01 
       3.313278603720e-04       2.035264034938e-01 
       4.171170630578e-04       2.541004781513e-01 
       5.251192703764e-04       3.171839573895e-01 
       6.610859936996e-04       3.958147310458e-01 
       8.322579568497e-04       4.937136068565e-01 
       1.047750691046e-03       6.153841703667e-01 
       1.319039970183e-03       7.661720656144e-01 
       1.660572937635e-03       9.522588053257e-01 
       2.090537469327e-03       1.180312985331e+00 
       2.631830744443e-03       1.456802650874e+00 
       3.313278603720e-03       1.786503751470e+00 
       4.171170630578e-03       2.169895955600e+00 
       5.251192703764e-03       2.599429944506e+00 
       6.610859936996e-03       3.055667011189e+00 
       8.322579568497e-03       3.505721453430e+00 
       1.047750691046e-02       3.905481251207e+00 
       1.319039970183e-02       4.200892941506e+00 
       1.660572937633e-02       4.325011748485e+00 
       2.090537453514e-02       4.210096129581e+00 
       2.631818545635e-02       3.824952030248e+00 
       3.311571692125e-02       3.228691676470e+00 
       4.113809243311e-02       2.627133110230e+00 
       4.792590854610e-02       2.279987334232e+00 
       5.284436902701e-02       2.109135314784e+00 
       5.689644391095e-02       2.002470980118e+00 
       6.051252627066e-02       1.921888586769e+00 
       6.388413457411e-02       1.851485115300e+00 
       6.711249296401e-02       1.783240386338e+00 
       7.025823437965e-02       1.712889994279e+00 
       7.336115587705e-02       1.638375629652e+00 
       7.644928796912e-02       1.559185355349e+00 
       7.954353299775e-02       1.475941587950e+00 
       8.266024078725e-02       1.390148605270e+00 
       8.581273398637e-02       1.303888393579e+00 
       8.901225918437e-02       1.219523793334e+00 
       9.226860540985e-02       1.139451187163e+00 
       9.559052048996e-02       1.065791716149e+00 
       9.898599946599e-02       1.000199606119e+00 
       1.024624891378e-01       9.436553865664e-01 
       1.060270359164e-01       8.963778481469e-01 
       1.096863943056e-01       8.577915176364e-01 
       1.134471073830e-01       8.265298291408e-01 
       1.173155669539e-01       8.005369405167e-01 
       1.212980586983e-01       7.772414097322e-01 
       1.254007961065e-01       7.538823787447e-01 
       1.296299459934e-01       7.279056942640e-01 
       1.339916477160e-01       6.974892900837e-01 
       1.384920277736e-01       6.619571785881e-01 
       1.431372111762e-01       6.220214246202e-01 
       1.479333307714e-01       5.796421142460e-01 
       1.528865355934e-01       5.375748225487e-01 
       1.580029992204e-01       4.987012327288e-01 
       1.632889290723e-01       4.652819880447e-01 
       1.687505775527e-01       4.384008039189e-01 
       1.743942559171e-01       4.177037421537e-01 
       1.802263517371e-01       4.014616289015e-01 
       1.862533508214e-01       3.871263022125e-01 
       1.924818644494e-01       3.718735922656e-01 
       1.989186627765e-01       3.535311037863e-01 
       2.055707152847e-01       3.317349300780e-01 
       2.124452391818e-01       3.080193801338e-01 
       2.195497567139e-01       2.848971014608e-01 
       2.268921624510e-01       2.645952622620e-01 
       2.344808017550e-01       2.482711453228e-01 
       2.423245618548e-01       2.356109637548e-01 
       2.504329772620e-01       2.248746312021e-01 
       2.588163516754e-01       2.138728093996e-01 
       2.674858990930e-01       2.013084044397e-01 
       2.764539076010e-01       1.873805387770e-01 
       2.857339303080e-01       1.735650729889e-01 
       2.953410092148e-01       1.615254776190e-01 
       3.052919395542e-01       1.517404936905e-01 
       3.156055844677e-01       1.433682502341e-01 
       3.263032530092e-01       1.350948217085e-01 
       3.374091587054e-01       1.261657169384e-01 
       3.489509817175e-01       1.170609424658e-01 
       3.609605657343e-01       1.087205335691e-01 
       3.734747921333e-01       1.015752723094e-01 
       3.865366902904e-01       9.508756470655e-02 
       4.001968667448e-01       8.858286645174e-02 
       4.145153713076e-01       8.203160407610e-02 
       4.295641718077e-01       7.591295739784e-02 
       4.454304922144e-01       7.038776594648e-02 
       4.622214006969e-01       6.516542954333e-02 
       4.800702491654e-01       5.999366572961e-02 
       4.991459272112e-01       5.506020200151e-02 
       5.196665217302e-01       5.048131596231e-02 
       5.419201087032e-01       4.603244141358e-02 
       5.662975451962e-01       4.172440656300e-02 
       5.933463737275e-01       3.760812354605e-02 
       6.238638458458e-01       3.357456169196e-02 
       6.590669257916e-01       2.963249125615e-02 
       7.009246080454e-01       2.571234102444e-02 
       7.528593308799e-01       2.176818629189e-02 
       8.213469537518e-01       1.771722097199e-02 
       9.196980813302e-01       1.348906707109e-02 
       1.075112183810e+00       9.163507278708e-03 
       1.322697471132e+00       5.372184852046e-03 
       1.662328205042e+00       2.884427903235e-03 
       2.092692408506e+00       1.473916428546e-03 
       2.634543445090e+00       7.087028794189e-04 
       3.316693691389e+00       3.129585863892e-04 
       4.175469971226e+00       1.220038186262e-04 
       5.256605252960e+00       3.914581050223e-05 
       6.617673932723e+00       8.904056720034e-06 
       8.331157880872e+00       8.864384862040e-07 
       1.048830636590e+01       1.860603408880e-08 
       1.320399541071e+01       2.684566512393e-07 
       1.662284535976e+01       2.275355381726e-07 
       2.092692243973e+01       7.081836834979e-08 
       2.634543445002e+01       5.284118497456e-09 
       3.316693691389e+01       3.950174445885e-10 
       4.175469971226e+01       7.350309196239e-10 
       5.256605252960e+01       5.497312591589e-11 
       6.617673932723e+01       3.785147255908e-12 
