# Matter power spectrum P(k) at redshift z=0
# for k=1.04775e-05 to 66.1767 h/Mpc,
# number of wavenumbers equal to 130
#    1:k (h/Mpc)              2:P (Mpc/h)^3        
       1.047750691046e-05       5.020964061300e+01 
       1.319039970183e-05       6.270561037926e+01 
       1.660572937635e-05       7.831146768933e+01 
       2.090537469327e-05       9.780108821957e+01 
       2.631830744443e-05       1.221408350347e+02 
       3.313278603720e-05       1.525374520825e+02 
       4.171170630578e-05       1.904975992446e+02 
       5.251192703764e-05       2.379022262511e+02 
       6.610859936996e-05       2.970989226565e+02 
       8.322579568497e-05       3.710167325590e+02 
       1.047750691046e-04       4.633080766151e+02 
       1.319039970183e-04       5.785234126060e+02 
       1.660572937635e-04       7.223242669479e+02 
       2.090537469327e-04       9.017396268815e+02 
       2.631830744443e-04       1.125468122792e+03 
       3.313278603720e-04       1.404223050947e+03 
       4.171170630578e-04       1.751108022034e+03 
       5.251192703764e-04       2.181998435579e+03 
       6.610859936996e-04       2.715889942163e+03 
       8.322579568497e-04       3.375152211356e+03 
       1.047750691046e-03       4.185551803701e+03 
       1.319039970183e-03       5.175741674565e+03 
       1.660572937635e-03       6.376119633796e+03 
       2.090537469327e-03       7.815661429023e+03 
       2.631830744443e-03       9.517752579548e+03 
       3.313278603720e-03       1.149348904084e+04 
       4.171170630578e-03       1.373242869806e+04 
       5.251192703764e-03       1.619002852695e+04 
       6.610859936996e-03       1.877306297115e+04 
       8.322579568497e-03       2.132229348182e+04 
       1.047750691046e-02       2.359652464329e+04 
       1.319039970183e-02       2.526177398451e+04 
       1.660572937633e-02       2.590562860001e+04 
       2.090537453514e-02       2.511636903394e+04 
       2.631818545635e-02       2.268839489747e+04 
       3.311571692125e-02       1.895746565326e+04 
       4.113809243311e-02       1.515441505438e+04 
       4.792590854610e-02       1.290412647473e+04 
       5.284436902701e-02       1.175977855400e+04 
       5.689644391095e-02       1.102669368886e+04 
       6.051252627066e-02       1.046670052726e+04 
       6.388413457411e-02       9.980412334362e+03 
       6.711249296401e-02       9.518018020416e+03 
       7.025823437965e-02       9.052821515851e+03 
       7.336115587705e-02       8.571543172653e+03 
       7.644928796912e-02       8.070075538975e+03 
       7.954353299775e-02       7.551192850707e+03 
       8.266024078725e-02       7.022358303080e+03 
       8.581273398637e-02       6.494643838260e+03 
       8.901225918437e-02       5.980595642744e+03 
       9.226860540985e-02       5.492848095143e+03 
       9.559052048996e-02       5.042615442361e+03 
       9.898599946599e-02       4.638217876817e+03 
       1.024624891378e-01       4.284517604905e+03 
       1.060270359164e-01       3.982321210804e+03 
       1.096863943056e-01       3.728285127784e+03 
       1.134471073830e-01       3.515292731022e+03 
       1.173155669539e-01       3.332963956097e+03 
       1.212980586983e-01       3.168704902713e+03 
       1.254007961065e-01       3.009115401009e+03 
       1.296299459934e-01       2.842098943372e+03 
       1.339916477160e-01       2.658991813563e+03 
       1.384920277736e-01       2.456628386250e+03 
       1.431372111762e-01       2.238308767973e+03 
       1.479333307714e-01       2.012946915543e+03 
       1.528865355934e-01       1.792905889085e+03 
       1.580029992204e-01       1.590636682153e+03 
       1.632889290723e-01       1.415552102752e+03 
       1.687505775527e-01       1.271627777670e+03 
       1.743942559171e-01       1.156914227189e+03 
       1.802263517371e-01       1.064201549942e+03 
       1.862533508214e-01       9.834932318362e+02 
       1.924818644494e-01       9.040816942751e+02 
       1.989186627765e-01       8.178810554976e+02 
       2.055707152847e-01       7.235772608129e+02 
       2.124452391818e-01       6.265620733925e+02 
       2.195497567139e-01       5.352875408693e+02 
       2.268921624510e-01       4.567076431458e+02 
       2.344808017550e-01       3.938351076562e+02 
       2.423245618548e-01       3.451249543634e+02 
       2.504329772620e-01       3.052200483411e+02 
       2.588163516754e-01       2.678943644720e+02 
       2.674858990930e-01       2.296565158021e+02 
       2.764539076010e-01       1.909504597865e+02 
       2.857339303080e-01       1.551872655772e+02 
       2.953410092148e-01       1.258000769174e+02 
       3.052919395542e-01       1.032794746804e+02 
       3.156055844677e-01       8.556791475132e+01 
       3.263032530092e-01       7.001791434294e+01 
       3.374091587054e-01       5.522204892342e+01 
       3.489509817175e-01       4.184787486571e+01 
       3.609605657343e-01       3.104188278492e+01 
       3.734747921333e-01       2.303700316268e+01 
       3.865366902904e-01       1.692228782995e+01 
       4.001968667448e-01       1.183881656599e+01 
       4.145153713076e-01       7.657184857331e+00 
       4.295641718077e-01       4.605898054459e+00 
       4.454304922144e-01       2.581548677852e+00 
       4.622214006969e-01       1.259496846112e+00 
       4.800702491654e-01       4.334781953348e-01 
       4.991459272112e-01       5.634418824676e-02 
       5.196665217302e-01       1.357635046934e-02 
       5.419201087032e-01       1.845867295689e-01 
       5.662975451962e-01       4.894774710922e-01 
       5.933463737275e-01       8.296164769149e-01 
       6.238638458458e-01       1.150617560405e+00 
       6.590669257916e-01       1.377034655272e+00 
       7.009246080454e-01       1.462528073472e+00 
       7.528593308799e-01       1.358316776301e+00 
       8.213469537518e-01       1.047931991446e+00 
       9.196980813302e-01       5.755257541777e-01 
       1.075112183810e+00       1.393463201771e-01 
       1.322697471132e+00       6.091462642241e-04 
       1.662328205042e+00       6.022999954752e-03 
       2.092692408506e+00       9.909920843548e-04 
       2.634543445090e+00       1.723591950082e-05 
       3.316693691389e+00       1.251915174202e-05 
       4.175469971226e+00       6.352140401488e-08 
       5.256605252960e+00       3.765540279489e-09 
       6.617673932723e+00       1.500030509429e-08 
       8.331157880872e+00       3.937556864462e-09 
       1.048830636590e+01       1.907789628623e-09 
       1.320399541071e+01       7.531942817443e-10 
       1.662284535976e+01       2.807812109444e-10 
       2.092692243973e+01       1.026690297838e-10 
       2.634543445002e+01       4.347448978940e-11 
       3.316693691389e+01       1.428265421472e-11 
       4.175469971226e+01       4.983573000496e-12 
       5.256605252960e+01       1.287733880031e-12 
       6.617673932723e+01       8.203283871933e-13 
