# Matter power spectrum P(k) at redshift z=99
# for k=1.04775e-05 to 66.1767 h/Mpc,
# number of wavenumbers equal to 130
#    1:k (h/Mpc)              2:P (Mpc/h)^3        
       1.047750691046e-05       7.261927680996e-03 
       1.319039970183e-05       9.069258202017e-03 
       1.660572937635e-05       1.132639106746e-02 
       2.090537469327e-05       1.414527123425e-02 
       2.631830744443e-05       1.766569584091e-02 
       3.313278603720e-05       2.206225515983e-02 
       4.171170630578e-05       2.755297766327e-02 
       5.251192703764e-05       3.441013523011e-02 
       6.610859936996e-05       4.297372172857e-02 
       8.322579568497e-05       5.366826853043e-02 
       1.047750691046e-04       6.702379872898e-02 
       1.319039970183e-04       8.370193441440e-02 
       1.660572937635e-04       1.045283355403e-01 
       2.090537469327e-04       1.305329134128e-01 
       2.631830744443e-04       1.629994506635e-01 
       3.313278603720e-04       2.035264004638e-01 
       4.171170630578e-04       2.541004744288e-01 
       5.251192703764e-04       3.171839528612e-01 
       6.610859936996e-04       3.958147256578e-01 
       8.322579568497e-04       4.937136006346e-01 
       1.047750691046e-03       6.153841636120e-01 
       1.319039970183e-03       7.661720592315e-01 
       1.660572937635e-03       9.522588016555e-01 
       2.090537469327e-03       1.180312991691e+00 
       2.631830744443e-03       1.456802684644e+00 
       3.313278603720e-03       1.786503853910e+00 
       4.171170630578e-03       2.169896192952e+00 
       5.251192703764e-03       2.599430629887e+00 
       6.610859936996e-03       3.055668707022e+00 
       8.322579568497e-03       3.505725593492e+00 
       1.047750691046e-02       3.905490094821e+00 
       1.319039970183e-02       4.200915372273e+00 
       1.660572937633e-02       4.325063582099e+00 
       2.090537453514e-02       4.210198467746e+00 
       2.631818545635e-02       3.825154137170e+00 
       3.311571692125e-02       3.229060003047e+00 
       4.113809243311e-02       2.627724706063e+00 
       4.792590854610e-02       2.280794285584e+00 
       5.284436902701e-02       2.110087291331e+00 
       5.689644391095e-02       2.003539943863e+00 
       6.051252627066e-02       1.923057518742e+00 
       6.388413457411e-02       1.852732423144e+00 
       6.711249296401e-02       1.784565413930e+00 
       7.025823437965e-02       1.714271363604e+00 
       7.336115587705e-02       1.639810351926e+00 
       7.644928796912e-02       1.560659277941e+00 
       7.954353299775e-02       1.477457363360e+00 
       8.266024078725e-02       1.391699891722e+00 
       8.581273398637e-02       1.305460478003e+00 
       8.901225918437e-02       1.221120857631e+00 
       9.226860540985e-02       1.141076437313e+00 
       9.559052048996e-02       1.067450136402e+00 
       9.898599946599e-02       1.001888463469e+00 
       1.024624891378e-01       9.453811253257e-01 
       1.060270359164e-01       8.981466204878e-01 
       1.096863943056e-01       8.596102087735e-01 
       1.134471073830e-01       8.284022984740e-01 
       1.173155669539e-01       8.024654395426e-01 
       1.212980586983e-01       7.792260426947e-01 
       1.254007961065e-01       7.559150491096e-01 
       1.296299459934e-01       7.299796012531e-01 
       1.339916477160e-01       6.995906649579e-01 
       1.384920277736e-01       6.640757006968e-01 
       1.431372111762e-01       6.241433928942e-01 
       1.479333307714e-01       5.817609506768e-01 
       1.528865355934e-01       5.396881315634e-01 
       1.580029992204e-01       5.008110671471e-01 
       1.632889290723e-01       4.673959762830e-01 
       1.687505775527e-01       4.405311528749e-01 
       1.743942559171e-01       4.198625158280e-01 
       1.802263517371e-01       4.036569859174e-01 
       1.862533508214e-01       3.893569172608e-01 
       1.924818644494e-01       3.741321547107e-01 
       1.989186627765e-01       3.557998850186e-01 
       2.055707152847e-01       3.339967869691e-01 
       2.124452391818e-01       3.102642938246e-01 
       2.195497567139e-01       2.871200532821e-01 
       2.268921624510e-01       2.668051720806e-01 
       2.344808017550e-01       2.504804043508e-01 
       2.423245618548e-01       2.378316029335e-01 
       2.504329772620e-01       2.271089337638e-01 
       2.588163516754e-01       2.161143526950e-01 
       2.674858990930e-01       2.035426068924e-01 
       2.764539076010e-01       1.895946773031e-01 
       2.857339303080e-01       1.757540013328e-01 
       2.953410092148e-01       1.636961378940e-01 
       3.052919395542e-01       1.539033446435e-01 
       3.156055844677e-01       1.455285083845e-01 
       3.263032530092e-01       1.372470133146e-01 
       3.374091587054e-01       1.282990807663e-01 
       3.489509817175e-01       1.191686239901e-01 
       3.609605657343e-01       1.108046553662e-01 
       3.734747921333e-01       1.036422721260e-01 
       3.865366902904e-01       9.713864025021e-02 
       4.001968667448e-01       9.061257394808e-02 
       4.145153713076e-01       8.403420467699e-02 
       4.295641718077e-01       7.788850493875e-02 
       4.454304922144e-01       7.233886154383e-02 
       4.622214006969e-01       6.709095921031e-02 
       4.800702491654e-01       6.188904031170e-02 
       4.991459272112e-01       5.692359302216e-02 
       5.196665217302e-01       5.231343486373e-02 
       5.419201087032e-01       4.782986624151e-02 
       5.662975451962e-01       4.348422445321e-02 
       5.933463737275e-01       3.932840886317e-02 
       6.238638458458e-01       3.525083856125e-02 
       6.590669257916e-01       3.126035045136e-02 
       7.009246080454e-01       2.728488014569e-02 
       7.528593308799e-01       2.327599479968e-02 
       8.213469537518e-01       1.914581680683e-02 
       9.196980813302e-01       1.481476938468e-02 
       1.075112183810e+00       1.034871559138e-02 
       1.322697471132e+00       6.377463470265e-03 
       1.662328205042e+00       3.703870721924e-03 
       2.092692408506e+00       2.122925932764e-03 
       2.634543445090e+00       1.206513473375e-03 
       3.316693691389e+00       6.804189877137e-04 
       4.175469971226e+00       3.809827755650e-04 
       5.256605252960e+00       2.118700838342e-04 
       6.617673932723e+00       1.170438719428e-04 
       8.331157880872e+00       6.422168434113e-05 
       1.048830636590e+01       3.498223467749e-05 
       1.320399541071e+01       1.889541226803e-05 
       1.662284535976e+01       1.010040608349e-05 
       2.092692243973e+01       5.324894111039e-06 
       2.634543445002e+01       2.753444290949e-06 
       3.316693691389e+01       1.384121938527e-06 
       4.175469971226e+01       6.668515083010e-07 
       5.256605252960e+01       3.009184081349e-07 
       6.617673932723e+01       1.223777844993e-07 
