# Matter power spectrum P(k) at redshift z=0
# for k=1.04775e-05 to 66.1767 h/Mpc,
# number of wavenumbers equal to 130
#    1:k (h/Mpc)              2:P (Mpc/h)^3        
       1.047750691046e-05       5.020964238235e+01 
       1.319039970183e-05       6.270560521586e+01 
       1.660572937635e-05       7.831145621121e+01 
       2.090537469327e-05       9.780106667524e+01 
       2.631830744443e-05       1.221408216832e+02 
       3.313278603720e-05       1.525374463264e+02 
       4.171170630578e-05       1.904976029536e+02 
       5.251192703764e-05       2.379022184487e+02 
       6.610859936996e-05       2.970989217806e+02 
       8.322579568497e-05       3.710167331733e+02 
       1.047750691046e-04       4.633080771898e+02 
       1.319039970183e-04       5.785234118290e+02 
       1.660572937635e-04       7.223242662829e+02 
       2.090537469327e-04       9.017396271776e+02 
       2.631830744443e-04       1.125468122245e+03 
       3.313278603720e-04       1.404223050259e+03 
       4.171170630578e-04       1.751108018236e+03 
       5.251192703764e-04       2.181998416465e+03 
       6.610859936996e-04       2.715889894372e+03 
       8.322579568497e-04       3.375152068186e+03 
       1.047750691046e-03       4.185551387216e+03 
       1.319039970183e-03       5.175740443693e+03 
       1.660572937635e-03       6.376115680440e+03 
       2.090537469327e-03       7.815649288870e+03 
       2.631830744443e-03       9.517718126414e+03 
       3.313278603720e-03       1.149339329128e+04 
       4.171170630578e-03       1.373217184042e+04 
       5.251192703764e-03       1.618936078585e+04 
       6.610859936996e-03       1.877138075348e+04 
       8.322579568497e-03       2.131818952609e+04 
       1.047750691046e-02       2.358687040160e+04 
       1.319039970183e-02       2.523987719842e+04 
       1.660572937633e-02       2.585797917589e+04 
       2.090537453514e-02       2.501795673385e+04 
       2.631818545635e-02       2.249776617191e+04 
       3.311571692125e-02       1.861684966144e+04 
       4.113809243311e-02       1.461466652843e+04 
       4.792590854610e-02       1.219629702787e+04 
       5.284436902701e-02       1.093791648972e+04 
       5.689644391095e-02       1.011950261496e+04 
       6.051252627066e-02       9.492476004906e+03 
       6.388413457411e-02       8.953391823694e+03 
       6.711249296401e-02       8.450440763892e+03 
       7.025823437965e-02       7.955624123555e+03 
       7.336115587705e-02       7.454742987715e+03 
       7.644928796912e-02       6.942647596409e+03 
       7.954353299775e-02       6.420818304424e+03 
       8.266024078725e-02       5.895524647953e+03 
       8.581273398637e-02       5.376111425301e+03 
       8.901225918437e-02       4.873562625270e+03 
       9.226860540985e-02       4.398903203823e+03 
       9.559052048996e-02       3.961654752023e+03 
       9.898599946599e-02       3.568978916784e+03 
       1.024624891378e-01       3.224682330474e+03 
       1.060270359164e-01       2.929052142881e+03 
       1.096863943056e-01       2.678881091321e+03 
       1.134471073830e-01       2.467910213049e+03 
       1.173155669539e-01       2.287349038250e+03 
       1.212980586983e-01       2.126832641257e+03 
       1.254007961065e-01       1.975609503191e+03 
       1.296299459934e-01       1.824054214367e+03 
       1.339916477160e-01       1.665328442258e+03 
       1.384920277736e-01       1.496850021202e+03 
       1.431372111762e-01       1.320956973084e+03 
       1.479333307714e-01       1.144191015471e+03 
       1.528865355934e-01       9.754563391492e+02 
       1.580029992204e-01       8.234545293748e+02 
       1.632889290723e-01       6.942945558446e+02 
       1.687505775527e-01       5.900427828004e+02 
       1.743942559171e-01       5.086516603410e+02 
       1.802263517371e-01       4.448013852871e+02 
       1.862533508214e-01       3.918680894504e+02 
       1.924818644494e-01       3.430738388036e+02 
       1.989186627765e-01       2.934041625479e+02 
       2.055707152847e-01       2.419534112745e+02 
       2.124452391818e-01       1.916576565094e+02 
       2.195497567139e-01       1.468889470932e+02 
       2.268921624510e-01       1.107672631312e+02 
       2.344808017550e-01       8.405375002022e+01 
       2.423245618548e-01       6.527309824176e+01 
       2.504329772620e-01       5.154250744863e+01 
       2.588163516754e-01       4.005264495919e+01 
       2.674858990930e-01       2.934700500261e+01 
       2.764539076010e-01       1.953853844717e+01 
       2.857339303080e-01       1.166488409124e+01 
       2.953410092148e-01       6.412686919467e+00 
       3.052919395542e-01       3.384077103973e+00 
       3.156055844677e-01       1.698373773581e+00 
       3.263032530092e-01       6.828166475270e-01 
       3.374091587054e-01       1.062881138565e-01 
       3.489509817175e-01       3.320951475686e-02 
       3.609605657343e-01       3.886339219143e-01 
       3.734747921333e-01       8.834235785660e-01 
       3.865366902904e-01       1.352025608410e+00 
       4.001968667448e-01       1.844666437744e+00 
       4.145153713076e-01       2.390529812153e+00 
       4.295641718077e-01       2.837661678245e+00 
       4.454304922144e-01       3.054271197867e+00 
       4.622214006969e-01       3.090794256176e+00 
       4.800702491654e-01       3.063055495155e+00 
       4.991459272112e-01       2.925463433131e+00 
       5.196665217302e-01       2.620487379021e+00 
       5.419201087032e-01       2.251037864265e+00 
       5.662975451962e-01       1.847078061689e+00 
       5.933463737275e-01       1.405437336501e+00 
       6.238638458458e-01       9.868630650173e-01 
       6.590669257916e-01       6.108266203078e-01 
       7.009246080454e-01       3.115746489827e-01 
       7.528593308799e-01       1.088218678495e-01 
       8.213469537518e-01       1.296747834795e-02 
       9.196980813302e-01       3.139482385688e-03 
       1.075112183810e+00       1.398789467424e-02 
       1.322697471132e+00       2.706523559520e-03 
       1.662328205042e+00       4.367980933404e-05 
       2.092692408506e+00       3.329355167636e-05 
       2.634543445090e+00       1.913804381156e-07 
       3.316693691389e+00       1.809591615786e-08 
       4.175469971226e+00       3.603957724986e-08 
       5.256605252960e+00       9.057149163894e-09 
       6.617673932723e+00       4.108318187637e-09 
       8.331157880872e+00       1.590907417522e-09 
       1.048830636590e+01       5.710366855501e-10 
       1.320399541071e+01       2.138555980733e-10 
       1.662284535976e+01       9.672423504687e-11 
       2.092692243973e+01       2.604301656020e-11 
       2.634543445002e+01       1.298448057828e-11 
       3.316693691389e+01       2.039862247088e-12 
       4.175469971226e+01       8.530484655536e-13 
       5.256605252960e+01       1.712084840086e-13 
       6.617673932723e+01       4.157033962144e-14 
