# Matter power spectrum P(k) at redshift z=99
# for k=1.04775e-05 to 66.1767 h/Mpc,
# number of wavenumbers equal to 130
#    1:k (h/Mpc)              2:P (Mpc/h)^3        
       1.047750691046e-05       7.262983150949e-03 
       1.319039970183e-05       9.070576606112e-03 
       1.660572937635e-05       1.132803877870e-02 
       2.090537469327e-05       1.414732757500e-02 
       2.631830744443e-05       1.766826238135e-02 
       3.313278603720e-05       2.206546022948e-02 
       4.171170630578e-05       2.755698141385e-02 
       5.251192703764e-05       3.441513663286e-02 
       6.610859936996e-05       4.297996580396e-02 
       8.322579568497e-05       5.367606127052e-02 
       1.047750691046e-04       6.703352080931e-02 
       1.319039970183e-04       8.371405673923e-02 
       1.660572937635e-04       1.045434369118e-01 
       2.090537469327e-04       1.305516957210e-01 
       2.631830744443e-04       1.630227545443e-01 
       3.313278603720e-04       2.035552024365e-01 
       4.171170630578e-04       2.541358431252e-01 
       5.251192703764e-04       3.172269290529e-01 
       6.610859936996e-04       3.958660145995e-01 
       8.322579568497e-04       4.937728801370e-01 
       1.047750691046e-03       6.154485748578e-01 
       1.319039970183e-03       7.662329157879e-01 
       1.660572937635e-03       9.522941033084e-01 
       2.090537469327e-03       1.180269708531e+00 
       2.631830744443e-03       1.456558968048e+00 
       3.313278603720e-03       1.785776237379e+00 
       4.171170630578e-03       2.168015103063e+00 
       5.251192703764e-03       2.594798261831e+00 
       6.610859936996e-03       3.044496395009e+00 
       8.322579568497e-03       3.479293076549e+00 
       1.047750691046e-02       3.844773316323e+00 
       1.319039970183e-02       4.067181062242e+00 
       1.660572937633e-02       4.045446175814e+00 
       2.090537453514e-02       3.662370293990e+00 
       2.631818545635e-02       2.842946499714e+00 
       3.311571692125e-02       1.679487134364e+00 
       4.113809243311e-02       6.108490542973e-01 
       4.792590854610e-02       1.409594812568e-01 
       5.284436902701e-02       1.637850420326e-02 
       5.689644391095e-02       1.320810782230e-03 
       6.051252627066e-02       2.237325557756e-02 
       6.388413457411e-02       5.111241754883e-02 
       6.711249296401e-02       7.490767273326e-02 
       7.025823437965e-02       8.846880199570e-02 
       7.336115587705e-02       9.062767600346e-02 
       7.644928796912e-02       8.273603109494e-02 
       7.954353299775e-02       6.765482363702e-02 
       8.266024078725e-02       4.896437216659e-02 
       8.581273398637e-02       3.028517155427e-02 
       8.901225918437e-02       1.471319401930e-02 
       9.226860540985e-02       4.370331240873e-03 
       9.559052048996e-02       1.319617358439e-04 
       9.898599946599e-02       1.568690641176e-03 
       1.024624891378e-01       7.122256778568e-03 
       1.060270359164e-01       1.449950665174e-02 
       1.096863943056e-01       2.122101406354e-02 
       1.134471073830e-01       2.522145875489e-02 
       1.173155669539e-01       2.535414455059e-02 
       1.212980586983e-01       2.167031969955e-02 
       1.254007961065e-01       1.537043640733e-02 
       1.296299459934e-01       8.410338389879e-03 
       1.339916477160e-01       2.853926091513e-03 
       1.384920277736e-01       1.638070305003e-04 
       1.431372111762e-01       6.825202167428e-04 
       1.479333307714e-01       3.521864911230e-03 
       1.528865355934e-01       6.944958974026e-03 
       1.580029992204e-01       9.125246717387e-03 
       1.632889290723e-01       8.970919464846e-03 
       1.687505775527e-01       6.621686526416e-03 
       1.743942559171e-01       3.334034833984e-03 
       1.802263517371e-01       7.634335921227e-04 
       1.862533508214e-01       1.630178344998e-05 
       1.924818644494e-01       1.025795705931e-03 
       1.989186627765e-01       2.662048531799e-03 
       2.055707152847e-01       3.540549113259e-03 
       2.124452391818e-01       3.009392583668e-03 
       2.195497567139e-01       1.545942590201e-03 
       2.268921624510e-01       2.835847678615e-04 
       2.344808017550e-01       4.825487476499e-05 
       2.423245618548e-01       6.790301888840e-04 
       2.504329772620e-01       1.289308258547e-03 
       2.588163516754e-01       1.193607192885e-03 
       2.674858990930e-01       5.408044871496e-04 
       2.764539076010e-01       4.093188183985e-05 
       2.857339303080e-01       9.960595317103e-05 
       2.953410092148e-01       4.138681637496e-04 
       3.052919395542e-01       4.629885472868e-04 
       3.156055844677e-01       1.981032604423e-04 
       3.263032530092e-01       4.554845319060e-06 
       3.374091587054e-01       7.332081249977e-05 
       3.489509817175e-01       1.732416424667e-04 
       3.609605657343e-01       1.055596830926e-04 
       3.734747921333e-01       6.319568126565e-06 
       3.865366902904e-01       2.442751465569e-05 
       4.001968667448e-01       5.818978391349e-05 
       4.145153713076e-01       2.119704068047e-05 
       4.295641718077e-01       8.328680949543e-07 
       4.454304922144e-01       1.786121168752e-05 
       4.622214006969e-01       9.240658994749e-06 
       4.800702491654e-01       2.941927641789e-07 
       4.991459272112e-01       5.620005129055e-06 
       5.196665217302e-01       8.364917532295e-07 
       5.419201087032e-01       1.202361502527e-06 
       5.662975451962e-01       5.665685377696e-07 
       5.933463737275e-01       3.211584035929e-07 
       6.238638458458e-01       4.233648946350e-08 
       6.590669257916e-01       9.751123020063e-08 
       7.009246080454e-01       2.119721759290e-08 
       7.528593308799e-01       5.512710123735e-09 
       8.213469537518e-01       7.098831351477e-10 
       9.196980813302e-01       3.053167746783e-11 
       1.075112183810e+00       9.961197225243e-14 
       1.322697471132e+00       6.089279913379e-15 
       1.662328205042e+00       3.416999880217e-13 
       2.092692408506e+00       4.533611415479e-14 
       2.634543445090e+00       6.725986215365e-15 
       3.316693691389e+00       7.416029032307e-17 
       4.175469971226e+00       7.837870393381e-16 
       5.256605252960e+00       1.473643992669e-16 
       6.617673932723e+00       4.731885427479e-18 
       8.331157880872e+00       2.507435314122e-18 
       1.048830636590e+01       1.440058076867e-21 
       1.320399541071e+01       8.475585111542e-20 
       1.662284535976e+01       1.985618310677e-20 
       2.092692243973e+01       1.679667638745e-21 
       2.634543445002e+01       1.124715393871e-22 
       3.316693691389e+01       3.988576298444e-23 
       4.175469971226e+01       6.174410183441e-24 
       5.256605252960e+01       5.233462898307e-25 
       6.617673932723e+01       3.992133854864e-25 
