# Matter power spectrum P(k) at redshift z=0
# for k=1.04775e-05 to 66.1767 h/Mpc,
# number of wavenumbers equal to 130
#    1:k (h/Mpc)              2:P (Mpc/h)^3        
       1.047750691046e-05       5.020964811316e+01 
       1.319039970183e-05       6.270562594875e+01 
       1.660572937635e-05       7.831147247912e+01 
       2.090537469327e-05       9.780108069390e+01 
       2.631830744443e-05       1.221408203809e+02 
       3.313278603720e-05       1.525374501932e+02 
       4.171170630578e-05       1.904975994012e+02 
       5.251192703764e-05       2.379022224243e+02 
       6.610859936996e-05       2.970989227882e+02 
       8.322579568497e-05       3.710167318946e+02 
       1.047750691046e-04       4.633080766742e+02 
       1.319039970183e-04       5.785234129334e+02 
       1.660572937635e-04       7.223242666092e+02 
       2.090537469327e-04       9.017396271824e+02 
       2.631830744443e-04       1.125468123751e+03 
       3.313278603720e-04       1.404223053681e+03 
       4.171170630578e-04       1.751108028790e+03 
       5.251192703764e-04       2.181998448133e+03 
       6.610859936996e-04       2.715889983592e+03 
       8.322579568497e-04       3.375152337133e+03 
       1.047750691046e-03       4.185552174302e+03 
       1.319039970183e-03       5.175742744002e+03 
       1.660572937635e-03       6.376123051740e+03 
       2.090537469327e-03       7.815671904429e+03 
       2.631830744443e-03       9.517783068788e+03 
       3.313278603720e-03       1.149357460255e+04 
       4.171170630578e-03       1.373266009137e+04 
       5.251192703764e-03       1.619063613374e+04 
       6.610859936996e-03       1.877460423858e+04 
       8.322579568497e-03       2.132607232242e+04 
       1.047750691046e-02       2.360547761460e+04 
       1.319039970183e-02       2.528218662819e+04 
       1.660572937633e-02       2.595026371909e+04 
       2.090537453514e-02       2.520935611060e+04 
       2.631818545635e-02       2.287037190764e+04 
       3.311571692125e-02       1.928620246072e+04 
       4.113809243311e-02       1.568419521315e+04 
       4.792590854610e-02       1.361063399550e+04 
       5.284436902701e-02       1.259127765531e+04 
       5.689644391095e-02       1.195556680513e+04 
       6.051252627066e-02       1.147547081849e+04 
       6.388413457411e-02       1.105587263869e+04 
       6.711249296401e-02       1.064899283975e+04 
       7.025823437965e-02       1.022930415969e+04 
       7.336115587705e-02       9.784504762417e+03 
       7.644928796912e-02       9.311637815221e+03 
       7.954353299775e-02       8.814511531489e+03 
       8.266024078725e-02       8.302117115378e+03 
       8.581273398637e-02       7.786938588523e+03 
       8.901225918437e-02       7.283173936862e+03 
       9.226860540985e-02       6.805162006651e+03 
       9.559052048996e-02       6.365591068624e+03 
       9.898599946599e-02       5.974380613862e+03 
       1.024624891378e-01       5.637345413769e+03 
       1.060270359164e-01       5.355767243726e+03 
       1.096863943056e-01       5.126241854477e+03 
       1.134471073830e-01       4.940479347346e+03 
       1.173155669539e-01       4.786162737051e+03 
       1.212980586983e-01       4.647941850091e+03 
       1.254007961065e-01       4.509114614786e+03 
       1.296299459934e-01       4.354548110241e+03 
       1.339916477160e-01       4.173200777198e+03 
       1.384920277736e-01       3.961159776215e+03 
       1.431372111762e-01       3.722647579241e+03 
       1.479333307714e-01       3.469552274222e+03 
       1.528865355934e-01       3.218311919326e+03 
       1.580029992204e-01       2.986247288747e+03 
       1.632889290723e-01       2.786935003927e+03 
       1.687505775527e-01       2.626803108254e+03 
       1.743942559171e-01       2.503745273691e+03 
       1.802263517371e-01       2.407311096222e+03 
       1.862533508214e-01       2.322227193962e+03 
       1.924818644494e-01       2.231526876021e+03 
       1.989186627765e-01       2.122167014501e+03 
       2.055707152847e-01       1.992013255542e+03 
       2.124452391818e-01       1.850302636345e+03 
       2.195497567139e-01       1.712153074788e+03 
       2.268921624510e-01       1.590963256811e+03 
       2.344808017550e-01       1.493646060479e+03 
       2.423245618548e-01       1.418285005708e+03 
       2.504329772620e-01       1.354440959030e+03 
       2.588163516754e-01       1.288907363234e+03 
       2.674858990930e-01       1.213913214339e+03 
       2.764539076010e-01       1.130674880926e+03 
       2.857339303080e-01       1.048078027940e+03 
       2.953410092148e-01       9.761627528482e+02 
       3.052919395542e-01       9.177872505523e+02 
       3.156055844677e-01       8.678787707786e+02 
       3.263032530092e-01       8.185048618041e+02 
       3.374091587054e-01       7.651266033973e+02 
       3.489509817175e-01       7.106513348902e+02 
       3.609605657343e-01       6.607647567222e+02 
       3.734747921333e-01       6.180642080511e+02 
       3.865366902904e-01       5.792907633443e+02 
       4.001968667448e-01       5.403700086858e+02 
       4.145153713076e-01       5.011315906758e+02 
       4.295641718077e-01       4.644798610487e+02 
       4.454304922144e-01       4.313882650893e+02 
       4.622214006969e-01       4.000932513710e+02 
       4.800702491654e-01       3.690700110287e+02 
       4.991459272112e-01       3.394570875769e+02 
       5.196665217302e-01       3.119662116459e+02 
       5.419201087032e-01       2.852288196391e+02 
       5.662975451962e-01       2.593126949132e+02 
       5.933463737275e-01       2.345296614735e+02 
       6.238638458458e-01       2.102127620907e+02 
       6.590669257916e-01       1.864167755644e+02 
       7.009246080454e-01       1.627087488650e+02 
       7.528593308799e-01       1.388023778895e+02 
       8.213469537518e-01       1.141726117877e+02 
       9.196980813302e-01       8.834486649221e+01 
       1.075112183810e+00       6.171259094280e+01 
       1.322697471132e+00       3.803088787739e+01 
       1.662328205042e+00       2.208754760427e+01 
       2.092692408506e+00       1.266011291806e+01 
       2.634543445090e+00       7.195492316033e+00 
       3.316693691389e+00       4.058414588730e+00 
       4.175469971226e+00       2.272836762715e+00 
       5.256605252960e+00       1.264412847378e+00 
       6.617673932723e+00       6.989174863383e-01 
       8.331157880872e+00       3.838864246167e-01 
       1.048830636590e+01       2.094588083331e-01 
       1.320399541071e+01       1.134522485682e-01 
       1.662284535976e+01       6.091901641175e-02 
       2.092692243973e+01       3.235274013192e-02 
       2.634543445002e+01       1.692795515545e-02 
       3.316693691389e+01       8.672642761392e-03 
       4.175469971226e+01       4.308087912112e-03 
       5.256605252960e+01       2.042683363250e-03 
       6.617673932723e+01       9.014467187105e-04 
