# Matter power spectrum P(k) at redshift z=0
# for k=1.04775e-05 to 66.1767 h/Mpc,
# number of wavenumbers equal to 130
#    1:k (h/Mpc)              2:P (Mpc/h)^3        
       1.047750691046e-05       5.020964897771e+01 
       1.319039970183e-05       6.270563437561e+01 
       1.660572937635e-05       7.831147158724e+01 
       2.090537469327e-05       9.780107340102e+01 
       2.631830744443e-05       1.221408340583e+02 
       3.313278603720e-05       1.525374408018e+02 
       4.171170630578e-05       1.904976022585e+02 
       5.251192703764e-05       2.379022209246e+02 
       6.610859936996e-05       2.970989248500e+02 
       8.322579568497e-05       3.710167341919e+02 
       1.047750691046e-04       4.633080776820e+02 
       1.319039970183e-04       5.785234118976e+02 
       1.660572937635e-04       7.223242646723e+02 
       2.090537469327e-04       9.017396217690e+02 
       2.631830744443e-04       1.125468104684e+03 
       3.313278603720e-04       1.404222994852e+03 
       4.171170630578e-04       1.751107845878e+03 
       5.251192703764e-04       2.181997903474e+03 
       6.610859936996e-04       2.715888348530e+03 
       8.322579568497e-04       3.375147476159e+03 
       1.047750691046e-03       4.185537848885e+03 
       1.319039970183e-03       5.175701128234e+03 
       1.660572937635e-03       6.376000673392e+03 
       2.090537469327e-03       7.815322481367e+03 
       2.631830744443e-03       9.516811733981e+03 
       3.313278603720e-03       1.149094224623e+04 
       4.171170630578e-03       1.372571382515e+04 
       5.251192703764e-03       1.617282149166e+04 
       6.610859936996e-03       1.873031852469e+04 
       8.322579568497e-03       2.121967355394e+04 
       1.047750691046e-02       2.335917661625e+04 
       1.319039970183e-02       2.473553229076e+04 
       1.660572937633e-02       2.479481300295e+04 
       2.090537453514e-02       2.291075944148e+04 
       2.631818545635e-02       1.865134581239e+04 
       3.311571692125e-02       1.236641998955e+04 
       4.113809243311e-02       6.078919893419e+03 
       4.792590854610e-02       2.661897106310e+03 
       5.284436902701e-02       1.231392563999e+03 
       5.689644391095e-02       5.561122352385e+02 
       6.051252627066e-02       2.250084832122e+02 
       6.388413457411e-02       7.082871451101e+01 
       6.711249296401e-02       1.105951604039e+01 
       7.025823437965e-02       3.427283039063e-01 
       7.336115587705e-02       1.251895762997e+01 
       7.644928796912e-02       3.248742956881e+01 
       7.954353299775e-02       5.193986775200e+01 
       8.266024078725e-02       6.684109082414e+01 
       8.581273398637e-02       7.581021176675e+01 
       8.901225918437e-02       7.901979438881e+01 
       9.226860540985e-02       7.743910902275e+01 
       9.559052048996e-02       7.232730866129e+01 
       9.898599946599e-02       6.491875722367e+01 
       1.024624891378e-01       5.626110037638e+01 
       1.060270359164e-01       4.715346698604e+01 
       1.096863943056e-01       3.815662412783e+01 
       1.134471073830e-01       2.965137880692e+01 
       1.173155669539e-01       2.189979238433e+01 
       1.212980586983e-01       1.510256534408e+01 
       1.254007961065e-01       9.436906885112e+00 
       1.296299459934e-01       5.054894640414e+00 
       1.339916477160e-01       2.053296247751e+00 
       1.384920277736e-01       4.237570242336e-01 
       1.431372111762e-01       4.474503884852e-03 
       1.479333307714e-01       4.727937732279e-01 
       1.528865355934e-01       1.393071204615e+00 
       1.580029992204e-01       2.315010482858e+00 
       1.632889290723e-01       2.892216020131e+00 
       1.687505775527e-01       2.969199142578e+00 
       1.743942559171e-01       2.595036719722e+00 
       1.802263517371e-01       1.957589383191e+00 
       1.862533508214e-01       1.274539906305e+00 
       1.924818644494e-01       7.152667606740e-01 
       1.989186627765e-01       3.349509101122e-01 
       2.055707152847e-01       1.178074359200e-01 
       2.124452391818e-01       2.251004683890e-02 
       2.195497567139e-01       3.369667505969e-06 
       2.268921624510e-01       1.558495089260e-02 
       2.344808017550e-01       5.025579217905e-02 
       2.423245618548e-01       8.597992156411e-02 
       2.504329772620e-01       1.081600332773e-01 
       2.588163516754e-01       1.080545561469e-01 
       2.674858990930e-01       8.240700820671e-02 
       2.764539076010e-01       4.618987709502e-02 
       2.857339303080e-01       1.782513598075e-02 
       2.953410092148e-01       3.199530944008e-03 
       3.052919395542e-01       4.959580932581e-07 
       3.156055844677e-01       1.267399862767e-03 
       3.263032530092e-01       3.114387248226e-03 
       3.374091587054e-01       3.938651247010e-03 
       3.489509817175e-01       3.987005845921e-03 
       3.609605657343e-01       2.838530714698e-03 
       3.734747921333e-01       1.305575346302e-03 
       3.865366902904e-01       2.130934966759e-04 
       4.001968667448e-01       9.251986734614e-06 
       4.145153713076e-01       2.110913532126e-04 
       4.295641718077e-01       3.199322186603e-04 
       4.454304922144e-01       3.068475164053e-04 
       4.622214006969e-01       1.900291789458e-04 
       4.800702491654e-01       6.358511946857e-05 
       4.991459272112e-01       5.880292724507e-06 
       5.196665217302e-01       1.231951532904e-06 
       5.419201087032e-01       5.273098941948e-06 
       5.662975451962e-01       2.859037366371e-06 
       5.933463737275e-01       2.415083667475e-09 
       6.238638458458e-01       1.754719252940e-06 
       6.590669257916e-01       2.243592497909e-06 
       7.009246080454e-01       1.510879108736e-06 
       7.528593308799e-01       3.564761183937e-07 
       8.213469537518e-01       5.563253414205e-08 
       9.196980813302e-01       6.906896272537e-08 
       1.075112183810e+00       1.739095932496e-08 
       1.322697471132e+00       9.079016180735e-09 
       1.662328205042e+00       3.709194841925e-10 
       2.092692408506e+00       6.928569141276e-10 
       2.634543445090e+00       1.852707930000e-10 
       3.316693691389e+00       5.184251204641e-11 
       4.175469971226e+00       2.860316642408e-11 
       5.256605252960e+00       8.405737327610e-12 
       6.617673932723e+00       1.549927370304e-12 
       8.331157880872e+00       5.231127017306e-13 
       1.048830636590e+01       1.058533916083e-13 
       1.320399541071e+01       3.862993582972e-14 
       1.662284535976e+01       9.797597294505e-15 
       2.092692243973e+01       1.072020649147e-15 
       2.634543445002e+01       4.741430263536e-16 
       3.316693691389e+01       5.099618778879e-18 
       4.175469971226e+01       1.386811219071e-18 
       5.256605252960e+01       4.634811394422e-19 
       6.617673932723e+01       4.330157595444e-20 
