# Matter power spectrum P(k) at redshift z=99
# for k=1.04775e-05 to 66.1767 h/Mpc,
# number of wavenumbers equal to 130
#    1:k (h/Mpc)              2:P (Mpc/h)^3        
       1.047750691046e-05       7.261927707970e-03 
       1.319039970183e-05       9.069258235823e-03 
       1.660572937635e-05       1.132639110947e-02 
       2.090537469327e-05       1.414527128672e-02 
       2.631830744443e-05       1.766569575750e-02 
       3.313278603720e-05       2.206225524151e-02 
       4.171170630578e-05       2.755297776493e-02 
       5.251192703764e-05       3.441013535840e-02 
       6.610859936996e-05       4.297372188789e-02 
       8.322579568497e-05       5.366826872888e-02 
       1.047750691046e-04       6.702379897728e-02 
       1.319039970183e-04       8.370193472508e-02 
       1.660572937635e-04       1.045283359259e-01 
       2.090537469327e-04       1.305329138919e-01 
       2.631830744443e-04       1.629994512540e-01 
       3.313278603720e-04       2.035264011984e-01 
       4.171170630578e-04       2.541004753307e-01 
       5.251192703764e-04       3.171839539570e-01 
       6.610859936996e-04       3.958147269608e-01 
       8.322579568497e-04       4.937136021355e-01 
       1.047750691046e-03       6.153841652326e-01 
       1.319039970183e-03       7.661720607687e-01 
       1.660572937635e-03       9.522588014720e-01 
       2.090537469327e-03       1.180312989613e+00 
       2.631830744443e-03       1.456802674251e+00 
       3.313278603720e-03       1.786503821678e+00 
       4.171170630578e-03       2.169896138985e+00 
       5.251192703764e-03       2.599430397003e+00 
       6.610859936996e-03       3.055668102778e+00 
       8.322579568497e-03       3.505723569602e+00 
       1.047750691046e-02       3.905487807321e+00 
       1.319039970183e-02       4.200906785866e+00 
       1.660572937633e-02       4.325040140032e+00 
       2.090537453514e-02       4.210155312360e+00 
       2.631818545635e-02       3.825057875643e+00 
       3.311571692125e-02       3.228872868082e+00 
       4.113809243311e-02       2.627422380687e+00 
       4.792590854610e-02       2.280351942532e+00 
       5.284436902701e-02       2.109542922549e+00 
       5.689644391095e-02       2.002920706854e+00 
       6.051252627066e-02       1.922363372995e+00 
       6.388413457411e-02       1.851969158955e+00 
       6.711249296401e-02       1.783736734944e+00 
       7.025823437965e-02       1.713383104677e+00 
       7.336115587705e-02       1.638863003700e+00 
       7.644928796912e-02       1.559651391718e+00 
       7.954353299775e-02       1.476390926930e+00 
       8.266024078725e-02       1.390580379038e+00 
       8.581273398637e-02       1.304291775820e+00 
       8.901225918437e-02       1.219899722616e+00 
       9.226860540985e-02       1.139800610522e+00 
       9.559052048996e-02       1.066115348945e+00 
       9.898599946599e-02       1.000492107400e+00 
       1.024624891378e-01       9.439234672630e-01 
       1.060270359164e-01       8.966249273799e-01 
       1.096863943056e-01       8.580166627885e-01 
       1.134471073830e-01       8.267294161450e-01 
       1.173155669539e-01       8.007064687863e-01 
       1.212980586983e-01       7.773851002468e-01 
       1.254007961065e-01       7.539881779230e-01 
       1.296299459934e-01       7.279734889448e-01 
       1.339916477160e-01       6.975082935476e-01 
       1.384920277736e-01       6.619236019516e-01 
       1.431372111762e-01       6.219306390900e-01 
       1.479333307714e-01       5.794911278956e-01 
       1.528865355934e-01       5.373657917430e-01 
       1.580029992204e-01       4.984288283232e-01 
       1.632889290723e-01       4.649484228617e-01 
       1.687505775527e-01       4.380069397132e-01 
       1.743942559171e-01       4.172478421764e-01 
       1.802263517371e-01       4.009415962072e-01 
       1.862533508214e-01       3.865363022990e-01 
       1.924818644494e-01       3.712113307099e-01 
       1.989186627765e-01       3.527926903077e-01 
       2.055707152847e-01       3.309200174269e-01 
       2.124452391818e-01       3.071284340857e-01 
       2.195497567139e-01       2.839316745337e-01 
       2.268921624510e-01       2.635537760706e-01 
       2.344808017550e-01       2.471482626802e-01 
       2.423245618548e-01       2.344021882312e-01 
       2.504329772620e-01       2.235758042012e-01 
       2.588163516754e-01       2.124831013165e-01 
       2.674858990930e-01       1.998308032989e-01 
       2.764539076010e-01       1.858204614781e-01 
       2.857339303080e-01       1.719241000382e-01 
       2.953410092148e-01       1.598007629137e-01 
       3.052919395542e-01       1.499237914516e-01 
       3.156055844677e-01       1.414548762123e-01 
       3.263032530092e-01       1.330862295810e-01 
       3.374091587054e-01       1.240683020029e-01 
       3.489509817175e-01       1.148796364466e-01 
       3.609605657343e-01       1.064529212053e-01 
       3.734747921333e-01       9.921565993963e-02 
       3.865366902904e-01       9.263230258456e-02 
       4.001968667448e-01       8.603735391236e-02 
       4.145153713076e-01       7.940090026363e-02 
       4.295641718077e-01       7.319601425091e-02 
       4.454304922144e-01       6.758094702536e-02 
       4.622214006969e-01       6.226889702243e-02 
       4.800702491654e-01       5.701267680737e-02 
       4.991459272112e-01       5.199558011851e-02 
       5.196665217302e-01       4.733074499177e-02 
       5.419201087032e-01       4.279929769229e-02 
       5.662975451962e-01       3.841138710939e-02 
       5.933463737275e-01       3.421579250644e-02 
       6.238638458458e-01       3.010724296278e-02 
       6.590669257916e-01       2.609389228804e-02 
       7.009246080454e-01       2.210989454096e-02 
       7.528593308799e-01       1.811405912880e-02 
       8.213469537518e-01       1.403615149182e-02 
       9.196980813302e-01       9.836775563825e-03 
       1.075112183810e+00       5.678287682986e-03 
       1.322697471132e+00       2.338543600088e-03 
       1.662328205042e+00       5.979494662344e-04 
       2.092692408506e+00       4.598043530538e-05 
       2.634543445090e+00       1.608757627177e-05 
       3.316693691389e+00       6.272624073596e-05 
       4.175469971226e+00       3.980856234673e-05 
       5.256605252960e+00       5.071122627018e-06 
       6.617673932723e+00       4.782804590159e-07 
       8.331157880872e+00       9.540663453182e-07 
       1.048830636590e+01       5.559450005437e-09 
       1.320399541071e+01       2.780378967354e-08 
       1.662284535976e+01       2.662793895201e-10 
       2.092692243973e+01       4.962065339484e-11 
       2.634543445002e+01       1.046912348998e-11 
       3.316693691389e+01       1.409795143640e-14 
       4.175469971226e+01       6.882163366226e-14 
       5.256605252960e+01       2.565477830663e-14 
       6.617673932723e+01       9.479345825013e-15 
