# Matter power spectrum P(k) at redshift z=0
# for k=1.04775e-05 to 66.1767 h/Mpc,
# number of wavenumbers equal to 130
#    1:k (h/Mpc)              2:P (Mpc/h)^3        
       1.047750691046e-05       5.020964811309e+01 
       1.319039970183e-05       6.270562594787e+01 
       1.660572937635e-05       7.831147247912e+01 
       2.090537469327e-05       9.780108069295e+01 
       2.631830744443e-05       1.221408203809e+02 
       3.313278603720e-05       1.525374501932e+02 
       4.171170630578e-05       1.904975994009e+02 
       5.251192703764e-05       2.379022224249e+02 
       6.610859936996e-05       2.970989227882e+02 
       8.322579568497e-05       3.710167318946e+02 
       1.047750691046e-04       4.633080766742e+02 
       1.319039970183e-04       5.785234129331e+02 
       1.660572937635e-04       7.223242666092e+02 
       2.090537469327e-04       9.017396271824e+02 
       2.631830744443e-04       1.125468123750e+03 
       3.313278603720e-04       1.404223053681e+03 
       4.171170630578e-04       1.751108028790e+03 
       5.251192703764e-04       2.181998448133e+03 
       6.610859936996e-04       2.715889983591e+03 
       8.322579568497e-04       3.375152337135e+03 
       1.047750691046e-03       4.185552174300e+03 
       1.319039970183e-03       5.175742742234e+03 
       1.660572937635e-03       6.376123051787e+03 
       2.090537469327e-03       7.815671904086e+03 
       2.631830744443e-03       9.517783069111e+03 
       3.313278603720e-03       1.149357460344e+04 
       4.171170630578e-03       1.373266011757e+04 
       5.251192703764e-03       1.619063614372e+04 
       6.610859936996e-03       1.877460353886e+04 
       8.322579568497e-03       2.132606966975e+04 
       1.047750691046e-02       2.360548909002e+04 
       1.319039970183e-02       2.528218662169e+04 
       1.660572937633e-02       2.595027146460e+04 
       2.090537453514e-02       2.520935145949e+04 
       2.631818545635e-02       2.287035057882e+04 
       3.311571692125e-02       1.928622925400e+04 
       4.113809243311e-02       1.568431458128e+04 
       4.792590854610e-02       1.361067641358e+04 
       5.284436902701e-02       1.259132104696e+04 
       5.689644391095e-02       1.195555304950e+04 
       6.051252627066e-02       1.147547866474e+04 
       6.388413457411e-02       1.105584962208e+04 
       6.711249296401e-02       1.064899032322e+04 
       7.025823437965e-02       1.022923336219e+04 
       7.336115587705e-02       9.784546359960e+03 
       7.644928796912e-02       9.311691901974e+03 
       7.954353299775e-02       8.814473583007e+03 
       8.266024078725e-02       8.302194998460e+03 
       8.581273398637e-02       7.786964741557e+03 
       8.901225918437e-02       7.283226020213e+03 
       9.226860540985e-02       6.805212724690e+03 
       9.559052048996e-02       6.365629959156e+03 
       9.898599946599e-02       5.974410499876e+03 
       1.024624891378e-01       5.637367960576e+03 
       1.060270359164e-01       5.355803307407e+03 
       1.096863943056e-01       5.126253683543e+03 
       1.134471073830e-01       4.940486806103e+03 
       1.173155669539e-01       4.786156029913e+03 
       1.212980586983e-01       4.647948807456e+03 
       1.254007961065e-01       4.509166009537e+03 
       1.296299459934e-01       4.354529214030e+03 
       1.339916477160e-01       4.173219256597e+03 
       1.384920277736e-01       3.961176791632e+03 
       1.431372111762e-01       3.722704189936e+03 
       1.479333307714e-01       3.469562740822e+03 
       1.528865355934e-01       3.218357672326e+03 
       1.580029992204e-01       2.986269660877e+03 
       1.632889290723e-01       2.786956191075e+03 
       1.687505775527e-01       2.626818574932e+03 
       1.743942559171e-01       2.503761625747e+03 
       1.802263517371e-01       2.407331611015e+03 
       1.862533508214e-01       2.322223770513e+03 
       1.924818644494e-01       2.231545746441e+03 
       1.989186627765e-01       2.122185110054e+03 
       2.055707152847e-01       1.992018965168e+03 
       2.124452391818e-01       1.850313792555e+03 
       2.195497567139e-01       1.712166964629e+03 
       2.268921624510e-01       1.590981938737e+03 
       2.344808017550e-01       1.493662181080e+03 
       2.423245618548e-01       1.418307472700e+03 
       2.504329772620e-01       1.354458975839e+03 
       2.588163516754e-01       1.288927789397e+03 
       2.674858990930e-01       1.213932105301e+03 
       2.764539076010e-01       1.130690547725e+03 
       2.857339303080e-01       1.048094007573e+03 
       2.953410092148e-01       9.761726459055e+02 
       3.052919395542e-01       9.178069221680e+02 
       3.156055844677e-01       8.678979296217e+02 
       3.263032530092e-01       8.185208035829e+02 
       3.374091587054e-01       7.651437002037e+02 
       3.489509817175e-01       7.106693780876e+02 
       3.609605657343e-01       6.607807053141e+02 
       3.734747921333e-01       6.180823520386e+02 
       3.865366902904e-01       5.793034041996e+02 
       4.001968667448e-01       5.403894040532e+02 
       4.145153713076e-01       5.011485652814e+02 
       4.295641718077e-01       4.644959023701e+02 
       4.454304922144e-01       4.314052652425e+02 
       4.622214006969e-01       4.001108908876e+02 
       4.800702491654e-01       3.690867077822e+02 
       4.991459272112e-01       3.394715474450e+02 
       5.196665217302e-01       3.119833719230e+02 
       5.419201087032e-01       2.852455032354e+02 
       5.662975451962e-01       2.593273186665e+02 
       5.933463737275e-01       2.345467757246e+02 
       6.238638458458e-01       2.102298335710e+02 
       6.590669257916e-01       1.864314291050e+02 
       7.009246080454e-01       1.627240326733e+02 
       7.528593308799e-01       1.388168243594e+02 
       8.213469537518e-01       1.141878910235e+02 
       9.196980813302e-01       8.835867554682e+01 
       1.075112183810e+00       6.172533912649e+01 
       1.322697471132e+00       3.804282300084e+01 
       1.662328205042e+00       2.209782273505e+01 
       2.092692408506e+00       1.266911624689e+01 
       2.634543445090e+00       7.203217504856e+00 
       3.316693691389e+00       4.065092299172e+00 
       4.175469971226e+00       2.278580296486e+00 
       5.256605252960e+00       1.269319727244e+00 
       6.617673932723e+00       7.031017512704e-01 
       8.331157880872e+00       3.874486364048e-01 
       1.048830636590e+01       2.124807136489e-01 
       1.320399541071e+01       1.160058566065e-01 
       1.662284535976e+01       6.306696723016e-02 
       2.092692243973e+01       3.414541660954e-02 
       2.634543445002e+01       1.840937321772e-02 
       3.316693691389e+01       9.879705816677e-03 
       4.175469971226e+01       5.271659067322e-03 
       5.256605252960e+01       2.790047065638e-03 
       6.617673932723e+01       1.457427859296e-03 
