# Matter power spectrum P(k) at redshift z=0
# for k=1.04775e-05 to 67.6233 h/Mpc,
# number of wavenumbers equal to 246
#    1:k (h/Mpc)              2:P (Mpc/h)^3        
       1.047750691046e-05       5.020964811307e+01 
       1.131335172503e-05       5.407050701926e+01 
       1.221587619537e-05       5.822819068578e+01 
       1.319039970183e-05       6.270562594770e+01 
       1.424266597921e-05       6.752732240880e+01 
       1.537887696968e-05       7.271977206173e+01 
       1.660572937635e-05       7.831147247912e+01 
       1.793045413292e-05       8.433311821988e+01 
       1.936085902198e-05       9.081778249833e+01 
       2.090537469327e-05       9.780108069296e+01 
       2.257310435294e-05       1.053213197893e+02 
       2.437387741694e-05       1.134197377890e+02 
       2.631830744443e-05       1.221408203809e+02 
       2.841785469300e-05       1.315324642462e+02 
       3.068489366414e-05       1.416462094881e+02 
       3.313278603720e-05       1.525374501932e+02 
       3.577595942169e-05       1.642660688414e+02 
       3.862999239199e-05       1.768963506307e+02 
       4.171170630578e-05       1.904975994009e+02 
       4.503926444729e-05       2.051444491974e+02 
       4.863227907969e-05       2.209171465549e+02 
       5.251192703764e-05       2.379022224249e+02 
       5.670107454120e-05       2.561927927652e+02 
       6.122441196689e-05       2.758890444041e+02 
       6.610859936996e-05       2.970989227881e+02 
       7.138242361596e-05       3.199385560802e+02 
       7.707696804727e-05       3.445329783680e+02 
       8.322579568497e-05       3.710167318945e+02 
       8.986514704559e-05       3.995346444203e+02 
       9.703415373875e-05       4.302425407383e+02 
       1.047750691046e-04       4.633080766742e+02 
       1.131335172503e-04       4.989116271564e+02 
       1.221587619537e-04       5.372471950929e+02 
       1.319039970183e-04       5.785234129332e+02 
       1.424266597921e-04       6.229645936045e+02 
       1.537887696968e-04       6.708118490405e+02 
       1.660572937635e-04       7.223242666092e+02 
       1.793045413292e-04       7.777801564238e+02 
       1.936085902198e-04       8.374783614141e+02 
       2.090537469327e-04       9.017396271824e+02 
       2.257310435294e-04       9.709080268041e+02 
       2.437387741694e-04       1.045352449493e+03 
       2.631830744443e-04       1.125468123750e+03 
       2.841785469300e-04       1.211678180495e+03 
       3.068489366414e-04       1.304435250150e+03 
       3.313278603720e-04       1.404223053681e+03 
       3.577595942169e-04       1.511558014616e+03 
       3.862999239199e-04       1.626990837795e+03 
       4.171170630578e-04       1.751108028790e+03 
       4.503926444729e-04       1.884533382872e+03 
       4.863227907969e-04       2.027929378113e+03 
       5.251192703764e-04       2.181998448133e+03 
       5.670107454121e-04       2.347484102755e+03 
       6.122441196689e-04       2.525171871363e+03 
       6.610859936996e-04       2.715889983593e+03 
       7.138242361596e-04       2.920509688385e+03 
       7.707696804727e-04       3.139945100278e+03 
       8.322579568497e-04       3.375152337585e+03 
       8.986514704559e-04       3.627127831140e+03 
       9.703415373875e-04       3.896905453136e+03 
       1.047750691046e-03       4.185552174300e+03 
       1.131335172503e-03       4.494162430373e+03 
       1.221587619537e-03       4.823850706496e+03 
       1.319039970183e-03       5.175742742778e+03 
       1.424266597921e-03       5.551019596934e+03 
       1.537887696968e-03       5.950788340561e+03 
       1.660572937635e-03       6.376123051752e+03 
       1.793045413292e-03       6.828073901444e+03 
       1.936085902198e-03       7.307625381065e+03 
       2.090537469327e-03       7.815671914408e+03 
       2.257310435294e-03       8.352990375818e+03 
       2.437387741694e-03       8.920211064360e+03 
       2.631830744443e-03       9.517783069108e+03 
       2.841785469300e-03       1.014593704435e+04 
       3.068489366414e-03       1.080464502791e+04 
       3.313278603720e-03       1.149357460343e+04 
       3.577595942169e-03       1.221203621721e+04 
       3.862999239199e-03       1.295892539444e+04 
       4.171170630578e-03       1.373266013123e+04 
       4.503926444729e-03       1.453111835623e+04 
       4.863227907969e-03       1.535154985220e+04 
       5.251192703764e-03       1.619063614083e+04 
       5.670107454120e-03       1.704431257711e+04 
       6.122441196689e-03       1.790755939927e+04 
       6.610859936996e-03       1.877460412293e+04 
       7.138242361596e-03       1.963872431266e+04 
       7.707696804727e-03       2.049215714321e+04 
       8.322579568496e-03       2.132607171982e+04 
       8.986514704559e-03       2.213054999312e+04 
       9.703415373875e-03       2.289445475783e+04 
       1.047750691046e-02       2.360547859873e+04 
       1.131335172503e-02       2.425023414900e+04 
       1.221587619537e-02       2.481423924914e+04 
       1.319039970183e-02       2.528218871961e+04 
       1.424266597920e-02       2.563815106077e+04 
       1.537887696964e-02       2.586605627349e+04 
       1.660572937560e-02       2.595026885327e+04 
       1.793045412207e-02       2.587634212176e+04 
       1.936085889642e-02       2.563221842561e+04 
       2.090537351881e-02       2.520935029302e+04 
       2.257309534705e-02       2.460448669812e+04 
       2.437382002240e-02       2.382087547419e+04 
       2.631799943729e-02       2.287041722010e+04 
       2.841644544598e-02       2.177452547435e+04 
       3.067933354524e-02       2.056553051070e+04 
       3.311368469821e-02       1.928733650214e+04 
       3.571840442514e-02       1.799397568827e+04 
       3.847720347390e-02       1.674681338634e+04 
       4.135335537314e-02       1.560464722121e+04 
       4.429361666563e-02       1.461037383264e+04 
       4.724366437916e-02       1.378055067070e+04 
       5.016480834039e-02       1.310505441351e+04 
       5.303989618930e-02       1.255714105500e+04 
       5.586870668205e-02       1.210423081061e+04 
       5.866042679206e-02       1.171465805227e+04 
       6.142798931504e-02       1.136058466482e+04 
       6.418496438662e-02       1.101856959472e+04 
       6.694418832236e-02       1.067071047771e+04 
       6.971731104453e-02       1.030364647590e+04 
       7.251476154108e-02       9.909059706243e+03 
       7.534587669814e-02       9.483812438607e+03 
       7.821907664495e-02       9.029541192072e+03 
       8.114203771084e-02       8.552301057591e+03 
       8.412184533139e-02       8.061993100184e+03 
       8.716512277352e-02       7.570841152832e+03 
       9.027813693913e-02       7.092505521422e+03 
       9.346688429613e-02       6.640558185028e+03 
       9.673716026122e-02       6.226752532736e+03 
       1.000946150608e-01       5.859967514740e+03 
       1.035447986307e-01       5.545310276775e+03 
       1.070931966524e-01       5.283186614582e+03 
       1.107452594180e-01       5.069445845320e+03 
       1.145064248899e-01       4.895267115778e+03 
       1.183821370656e-01       4.747857709505e+03 
       1.223778605591e-01       4.611741429297e+03 
       1.264990921707e-01       4.470625551149e+03 
       1.307513701078e-01       4.310272009120e+03 
       1.351402814485e-01       4.121396704867e+03 
       1.396714683894e-01       3.902076837800e+03 
       1.443506337875e-01       3.658680479702e+03 
       1.491835464900e-01       3.404489958907e+03 
       1.541760469368e-01       3.156665141559e+03 
       1.593340535209e-01       2.931947099510e+03 
       1.646635701934e-01       2.742374313785e+03 
       1.701706958081e-01       2.592246868606e+03 
       1.758616357070e-01       2.477229579750e+03 
       1.817427160581e-01       2.385187427985e+03 
       1.878204014651e-01       2.300337352234e+03 
       1.941013163855e-01       2.205735082180e+03 
       2.005922709060e-01       2.090796469313e+03 
       2.073002914514e-01       1.956461159712e+03 
       2.142326570343e-01       1.814196670691e+03 
       2.213969417044e-01       1.679280453064e+03 
       2.288010639201e-01       1.563838225664e+03 
       2.364533436625e-01       1.472675239995e+03 
       2.443625682390e-01       1.401514652682e+03 
       2.525380678946e-01       1.338410033729e+03 
       2.609898025770e-01       1.270911292291e+03 
       2.697284614969e-01       1.193380805289e+03 
       2.787655775073e-01       1.109324839206e+03 
       2.881136588192e-01       1.028761738573e+03 
       2.977863412019e-01       9.604767993762e+02 
       3.077985646248e-01       9.050208902051e+02 
       3.181667793367e-01       8.561413787814e+02 
       3.289091877084e-01       8.061849714841e+02 
       3.400460298905e-01       7.523846322803e+02 
       3.515999235695e-01       6.989210824503e+02 
       3.635962710278e-01       6.510558936604e+02 
       3.760637505499e-01       6.101143909900e+02 
       3.890349143014e-01       5.721244340606e+02 
       4.025469215929e-01       5.337748869294e+02 
       4.166424455447e-01       4.956243762461e+02 
       4.313708034899e-01       4.604665060858e+02 
       4.467893781976e-01       4.287698743487e+02 
       4.629654198623e-01       3.987685082515e+02 
       4.799783500912e-01       3.692370824444e+02 
       4.979227318246e-01       3.412377725855e+02 
       5.169121269689e-01       3.154796076653e+02 
       5.370841403262e-01       2.908315084532e+02 
       5.586070463286e-01       2.671019664531e+02 
       5.816885093582e-01       2.448060229294e+02 
       6.065870143577e-01       2.235671247560e+02 
       6.336266466978e-01       2.032099756999e+02 
       6.632156057925e-01       1.838773543438e+02 
       6.958678637575e-01       1.653538230091e+02 
       7.322247983784e-01       1.476949537984e+02 
       7.730680193171e-01       1.308337153962e+02 
       8.193049551574e-01       1.148311489746e+02 
       8.718988013754e-01       9.976253416486e+01 
       9.317218028590e-01       8.577730748693e+01 
       9.993660906273e-01       7.305436479538e+01 
       1.075037109879e+00       6.173551112435e+01 
       1.158653485387e+00       5.187902000810e+01 
       1.250099156961e+00       4.343985776373e+01 
       1.349432400897e+00       3.628896419225e+01 
       1.456947456991e+00       3.026790914179e+01 
       1.573135110893e+00       2.521436818904e+01 
       1.698621895119e+00       2.098199352338e+01 
       1.834127512423e+00       1.744224892557e+01 
       1.980444933977e+00       1.448553248168e+01 
       2.138435191130e+00       1.201884123240e+01 
       2.309029198543e+00       9.963093674114e+00 
       2.493232376993e+00       8.251771881960e+00 
       2.692130394536e+00       6.828485543588e+00 
       2.906895533764e+00       5.646186452355e+00 
       3.138793596840e+00       4.664793695489e+00 
       3.389191365541e+00       3.851045940592e+00 
       3.659564656886e+00       3.176898944814e+00 
       3.951507021438e+00       2.618810153441e+00 
       4.266739135513e+00       2.157276219509e+00 
       4.607118942658e+00       1.775867831330e+00 
       4.974652604172e+00       1.460943713174e+00 
       5.371506323193e+00       1.201070400105e+00 
       5.800019112071e+00       9.868260717316e-01 
       6.262716578240e+00       8.103040918953e-01 
       6.762325809881e+00       6.649588237458e-01 
       7.301791449077e+00       5.453784215228e-01 
       7.884293047211e+00       4.470515072181e-01 
       8.513263804891e+00       3.662501273732e-01 
       9.192410806865e+00       2.998950867292e-01 
       9.925736871166e+00       2.454358483473e-01 
       1.071756414128e+01       2.007640389174e-01 
       1.157255956041e+01       1.641427411991e-01 
       1.249576237789e+01       1.341361856190e-01 
       1.349261385000e+01       1.095620180227e-01 
       1.456898931011e+01       8.945015692027e-02 
       1.573123279727e+01       7.299646310928e-02 
       1.698619444729e+01       5.954082586720e-02 
       1.834127086665e+01       4.854510004216e-02 
       1.980444872733e+01       3.956200700994e-02 
       2.138435183937e+01       3.222724472522e-02 
       2.309029197863e+01       2.624064638242e-02 
       2.493232376942e+01       2.135662592252e-02 
       2.692130394533e+01       1.737380990213e-02 
       2.906895533764e+01       1.412759091134e-02 
       3.138793596840e+01       1.148246852067e-02 
       3.389191365541e+01       9.328049925426e-03 
       3.659564656886e+01       7.574158952419e-03 
       3.951507021438e+01       6.146969959203e-03 
       4.266739135513e+01       4.985877325106e-03 
       4.607118942658e+01       4.041875704253e-03 
       4.974652604172e+01       3.274524268162e-03 
       5.371506323193e+01       2.651118517412e-03 
       5.800019112071e+01       2.144809737497e-03 
       6.262716578240e+01       1.733804470361e-03 
       6.762325809881e+01       1.400347293502e-03 
