# Matter power spectrum P(k) at redshift z=0
# for k=1.04775e-05 to 66.1767 h/Mpc,
# number of wavenumbers equal to 130
#    1:k (h/Mpc)              2:P (Mpc/h)^3        
       1.047750691046e-05       5.020964811311e+01 
       1.319039970183e-05       6.270562594855e+01 
       1.660572937635e-05       7.831147247915e+01 
       2.090537469327e-05       9.780108069305e+01 
       2.631830744443e-05       1.221408203814e+02 
       3.313278603720e-05       1.525374501932e+02 
       4.171170630578e-05       1.904975994011e+02 
       5.251192703764e-05       2.379022224220e+02 
       6.610859936996e-05       2.970989227885e+02 
       8.322579568497e-05       3.710167318930e+02 
       1.047750691046e-04       4.633080766705e+02 
       1.319039970183e-04       5.785234129314e+02 
       1.660572937635e-04       7.223242665945e+02 
       2.090537469327e-04       9.017396271530e+02 
       2.631830744443e-04       1.125468123691e+03 
       3.313278603720e-04       1.404223053565e+03 
       4.171170630578e-04       1.751108028564e+03 
       5.251192703764e-04       2.181998447675e+03 
       6.610859936996e-04       2.715889982690e+03 
       8.322579568497e-04       3.375152335345e+03 
       1.047750691046e-03       4.185552170755e+03 
       1.319039970183e-03       5.175742731423e+03 
       1.660572937635e-03       6.376123036758e+03 
       2.090537469327e-03       7.815671823656e+03 
       2.631830744443e-03       9.517783002582e+03 
       3.313278603720e-03       1.149357446642e+04 
       4.171170630578e-03       1.373265991196e+04 
       5.251192703764e-03       1.619057317381e+04 
       6.610859936996e-03       1.877450471126e+04 
       8.322579568497e-03       2.132606145100e+04 
       1.047750691046e-02       2.360542412499e+04 
       1.319039970183e-02       2.528216213945e+04 
       1.660572937633e-02       2.595029937375e+04 
       2.090537453514e-02       2.520917773105e+04 
       2.631818545635e-02       2.286997745553e+04 
       3.311571692125e-02       1.928584201351e+04 
       4.113809243311e-02       1.568368037656e+04 
       4.792590854610e-02       1.360985070468e+04 
       5.284436902701e-02       1.259035577327e+04 
       5.689644391095e-02       1.195449399155e+04 
       6.051252627066e-02       1.147429584157e+04 
       6.388413457411e-02       1.105436229047e+04 
       6.711249296401e-02       1.064738779570e+04 
       7.025823437965e-02       1.022758583853e+04 
       7.336115587705e-02       9.782681517364e+03 
       7.644928796912e-02       9.309444013645e+03 
       7.954353299775e-02       8.812306090865e+03 
       8.266024078725e-02       8.299740187834e+03 
       8.581273398637e-02       7.784333062374e+03 
       8.901225918437e-02       7.280463437435e+03 
       9.226860540985e-02       6.802182714185e+03 
       9.559052048996e-02       6.362443537552e+03 
       9.898599946599e-02       5.971019750603e+03 
       1.024624891378e-01       5.633770200315e+03 
       1.060270359164e-01       5.351933476355e+03 
       1.096863943056e-01       5.122127027314e+03 
       1.134471073830e-01       4.936122757561e+03 
       1.173155669539e-01       4.781488387230e+03 
       1.212980586983e-01       4.642948741502e+03 
       1.254007961065e-01       4.503815649398e+03 
       1.296299459934e-01       4.348849556547e+03 
       1.339916477160e-01       4.167142696767e+03 
       1.384920277736e-01       3.954737128616e+03 
       1.431372111762e-01       3.715888219183e+03 
       1.479333307714e-01       3.462398769962e+03 
       1.528865355934e-01       3.210809224958e+03 
       1.580029992204e-01       2.978393832348e+03 
       1.632889290723e-01       2.778677612848e+03 
       1.687505775527e-01       2.618120040793e+03 
       1.743942559171e-01       2.494592984195e+03 
       1.802263517371e-01       2.397600782848e+03 
       1.862533508214e-01       2.311928203335e+03 
       1.924818644494e-01       2.220627759498e+03 
       1.989186627765e-01       2.110684113123e+03 
       2.055707152847e-01       1.979961192841e+03 
       2.124452391818e-01       1.837732917570e+03 
       2.195497567139e-01       1.699056590689e+03 
       2.268921624510e-01       1.577308825270e+03 
       2.344808017550e-01       1.479362687105e+03 
       2.423245618548e-01       1.403298595797e+03 
       2.504329772620e-01       1.338655006135e+03 
       2.588163516754e-01       1.272329811102e+03 
       2.674858990930e-01       1.196578581524e+03 
       2.764539076010e-01       1.112631570430e+03 
       2.857339303080e-01       1.029353195309e+03 
       2.953410092148e-01       9.566994881159e+02 
       3.052919395542e-01       8.974843942458e+02 
       3.156055844677e-01       8.466549793153e+02 
       3.263032530092e-01       7.963600859538e+02 
       3.374091587054e-01       7.421127256529e+02 
       3.489509817175e-01       6.868055834646e+02 
       3.609605657343e-01       6.360499561206e+02 
       3.734747921333e-01       5.923869978656e+02 
       3.865366902904e-01       5.525941013082e+02 
       4.001968667448e-01       5.126789401866e+02 
       4.145153713076e-01       4.724789154520e+02 
       4.295641718077e-01       4.348344057430e+02 
       4.454304922144e-01       4.006838149685e+02 
       4.622214006969e-01       3.683003032359e+02 
       4.800702491654e-01       3.362116120730e+02 
       4.991459272112e-01       3.055169008955e+02 
       5.196665217302e-01       2.768849705499e+02 
       5.419201087032e-01       2.490061020110e+02 
       5.662975451962e-01       2.219427130665e+02 
       5.933463737275e-01       1.959776119444e+02 
       6.238638458458e-01       1.704835984155e+02 
       6.590669257916e-01       1.455049431422e+02 
       7.009246080454e-01       1.206543369057e+02 
       7.528593308799e-01       9.570195849602e+01 
       8.213469537518e-01       7.030254210333e+01 
       9.196980813302e-01       4.448475843472e+01 
       1.075112183810e+00       2.011219759975e+01 
       1.322697471132e+00       3.775994921799e+00 
       1.662328205042e+00       5.157160420346e-02 
       2.092692408506e+00       2.101927644285e+00 
       2.634543445090e+00       2.219512305029e+00 
       3.316693691389e+00       3.736264833511e-01 
       4.175469971226e+00       7.111427189648e-02 
       5.256605252960e+00       9.864514623003e-02 
       6.617673932723e+00       3.942390222097e-03 
       8.331157880872e+00       1.693420267999e-03 
       1.048830636590e+01       4.489374549820e-04 
       1.320399541071e+01       2.691456903134e-05 
       1.662284535976e+01       1.344851988161e-07 
       2.092692243973e+01       9.193379926861e-09 
       2.634543445002e+01       2.552279051107e-10 
       3.316693691389e+01       3.291780812775e-13 
       4.175469971226e+01       1.087555924282e-14 
       5.256605252960e+01       3.613710607622e-15 
       6.617673932723e+01       3.096005015039e-16 
