# Matter power spectrum P(k) at redshift z=99
# for k=1.04775e-05 to 67.6233 h/Mpc,
# number of wavenumbers equal to 246
#    1:k (h/Mpc)              2:P (Mpc/h)^3        
       1.047750691046e-05       7.261927680861e-03 
       1.131335172503e-05       7.820331652431e-03 
       1.221587619537e-05       8.421675995453e-03 
       1.319039970183e-05       9.069258201848e-03 
       1.424266597921e-05       9.766638412133e-03 
       1.537887696968e-05       1.051764070801e-02 
       1.660572937635e-05       1.132639106725e-02 
       1.793045413292e-05       1.219733232715e-02 
       1.936085902198e-05       1.313524225779e-02 
       2.090537469327e-05       1.414527123399e-02 
       2.257310435294e-05       1.523296273823e-02 
       2.437387741694e-05       1.640429446288e-02 
       2.631830744443e-05       1.766569584058e-02 
       2.841785469300e-05       1.902408737005e-02 
       3.068489366414e-05       2.048692972772e-02 
       3.313278603720e-05       2.206225515942e-02 
       3.577595942169e-05       2.375870707438e-02 
       3.862999239199e-05       2.558560730202e-02 
       4.171170630578e-05       2.755297766277e-02 
       4.503926444729e-05       2.967161930474e-02 
       4.863227907969e-05       3.195316454233e-02 
       5.251192703764e-05       3.441013522947e-02 
       5.670107454120e-05       3.705601726471e-02 
       6.122441196689e-05       3.990533417796e-02 
       6.610859936996e-05       4.297372172777e-02 
       7.138242361596e-05       4.627802146614e-02 
       7.707696804727e-05       4.983636199464e-02 
       8.322579568497e-05       5.366826852944e-02 
       8.986514704559e-05       5.779476400721e-02 
       9.703415373875e-05       6.223848250510e-02 
       1.047750691046e-04       6.702379872774e-02 
       1.131335172503e-04       7.217695161064e-02 
       1.221587619537e-04       7.772619081846e-02 
       1.319039970183e-04       8.370193441286e-02 
       1.424266597921e-04       9.013692517143e-02 
       1.537887696968e-04       9.706641252902e-02 
       1.660572937635e-04       1.045283355384e-01 
       1.793045413292e-04       1.125635350266e-01 
       1.936085902198e-04       1.212159616259e-01 
       2.090537469327e-04       1.305329134104e-01 
       2.257310435294e-04       1.405652847711e-01 
       2.437387741694e-04       1.513678304151e-01 
       2.631830744443e-04       1.629994506605e-01 
       2.841785469300e-04       1.755234923092e-01 
       3.068489366414e-04       1.890080672425e-01 
       3.313278603720e-04       2.035264004601e-01 
       3.577595942169e-04       2.191571806013e-01 
       3.862999239199e-04       2.359849440103e-01 
       4.171170630578e-04       2.541004744243e-01 
       4.503926444729e-04       2.736012083188e-01 
       4.863227907969e-04       2.945916794099e-01 
       5.251192703764e-04       3.171839528557e-01 
       5.670107454121e-04       3.414980767635e-01 
       6.122441196689e-04       3.676625417011e-01 
       6.610859936996e-04       3.958147256513e-01 
       7.138242361596e-04       4.261013289363e-01 
       7.707696804727e-04       4.586787797352e-01 
       8.322579568497e-04       4.937136006295e-01 
       8.986514704559e-04       5.313826807049e-01 
       9.703415373875e-04       5.718734978233e-01 
       1.047750691046e-03       6.153841636040e-01 
       1.131335172503e-03       6.621233246495e-01 
       1.221587619537e-03       7.123098227983e-01 
       1.319039970183e-03       7.661720592841e-01 
       1.424266597921e-03       8.239546306465e-01 
       1.537887696968e-03       8.859011182851e-01 
       1.660572937635e-03       9.522588016481e-01 
       1.793045413292e-03       1.023280100902e+00 
       1.936085902198e-03       1.099216305740e+00 
       2.090537469327e-03       1.180312991699e+00 
       2.257310435294e-03       1.266804117186e+00 
       2.437387741694e-03       1.358904854834e+00 
       2.631830744443e-03       1.456802684686e+00 
       2.841785469300e-03       1.560646892157e+00 
       3.068489366414e-03       1.670536064244e+00 
       3.313278603720e-03       1.786503854039e+00 
       3.577595942169e-03       1.908502932771e+00 
       3.862999239199e-03       2.036387732816e+00 
       4.171170630578e-03       2.169896161745e+00 
       4.503926444729e-03       2.308631881359e+00 
       4.863227907969e-03       2.452047293460e+00 
       5.251192703764e-03       2.599430630722e+00 
       5.670107454120e-03       2.749896934502e+00 
       6.122441196689e-03       2.902386516275e+00 
       6.610859936996e-03       3.055668706476e+00 
       7.138242361596e-03       3.208356464660e+00 
       7.707696804727e-03       3.358923895930e+00 
       8.322579568496e-03       3.505725598591e+00 
       8.986514704559e-03       3.647009529593e+00 
       9.703415373875e-03       3.780923307792e+00 
       1.047750691046e-02       3.905490752269e+00 
       1.131335172503e-02       4.018587665929e+00 
       1.221587619537e-02       4.117901588793e+00 
       1.319039970183e-02       4.200915385246e+00 
       1.424266597920e-02       4.264943807083e+00 
       1.537887696964e-02       4.307218459793e+00 
       1.660572937560e-02       4.325061967504e+00 
       1.793045412207e-02       4.316059346700e+00 
       1.936085889642e-02       4.278229835900e+00 
       2.090537351881e-02       4.210203859636e+00 
       2.257309534705e-02       4.111421265719e+00 
       2.437382002240e-02       3.982422635253e+00 
       2.631799943729e-02       3.825162820073e+00 
       2.841644544598e-02       3.643282637575e+00 
       3.067933354524e-02       3.442195904698e+00 
       3.311368469821e-02       3.229230483988e+00 
       3.571840442514e-02       3.013511932867e+00 
       3.847720347390e-02       2.805282800598e+00 
       4.135335537314e-02       2.614409643399e+00 
       4.429361666563e-02       2.448131664363e+00 
       4.724366437916e-02       2.309236134787e+00 
       5.016480834039e-02       2.196113624369e+00 
       5.303989618930e-02       2.104361671837e+00 
       5.586870668205e-02       2.028462684981e+00 
       5.866042679206e-02       1.963156057091e+00 
       6.142798931504e-02       1.903780806544e+00 
       6.418496438662e-02       1.846480362785e+00 
       6.694418832236e-02       1.788198293584e+00 
       6.971731104453e-02       1.726716302733e+00 
       7.251476154108e-02       1.660651886463e+00 
       7.534587669814e-02       1.589470408959e+00 
       7.821907664495e-02       1.513440727898e+00 
       8.114203771084e-02       1.433570698639e+00 
       8.412184533139e-02       1.351490353864e+00 
       8.716512277352e-02       1.269273863194e+00 
       9.027813693913e-02       1.189198399782e+00 
       9.346688429613e-02       1.113502915602e+00 
       9.673716026122e-02       1.044178949158e+00 
       1.000946150608e-01       9.827032940943e-01 
       1.035447986307e-01       9.299370163286e-01 
       1.070931966524e-01       8.859609370810e-01 
       1.107452594180e-01       8.500708898498e-01 
       1.145064248899e-01       8.208040636515e-01 
       1.183821370656e-01       7.960263936356e-01 
       1.223778605591e-01       7.731450918697e-01 
       1.264990921707e-01       7.494517617590e-01 
       1.307513701078e-01       7.225572549557e-01 
       1.351402814485e-01       6.909092413049e-01 
       1.396714683894e-01       6.541805167857e-01 
       1.443506337875e-01       6.134272724444e-01 
       1.491835464900e-01       5.708671980242e-01 
       1.541760469368e-01       5.293644463562e-01 
       1.593340535209e-01       4.917115418120e-01 
       1.646635701934e-01       4.599196954015e-01 
       1.701706958081e-01       4.347281956789e-01 
       1.758616357070e-01       4.154088554517e-01 
       1.817427160581e-01       3.999372322034e-01 
       1.878204014651e-01       3.856831213142e-01 
       1.941013163855e-01       3.698093459960e-01 
       2.005922709060e-01       3.505470583686e-01 
       2.073002914514e-01       3.280435810676e-01 
       2.142326570343e-01       3.042138560043e-01 
       2.213969417044e-01       2.816119712665e-01 
       2.288010639201e-01       2.622572947749e-01 
       2.364533436625e-01       2.469619441835e-01 
       2.443625682390e-01       2.350132029630e-01 
       2.525380678946e-01       2.244175963487e-01 
       2.609898025770e-01       2.130935572886e-01 
       2.697284614969e-01       2.001020652032e-01 
       2.787655775073e-01       1.860199208360e-01 
       2.881136588192e-01       1.725176348283e-01 
       2.977863412019e-01       1.610661476963e-01 
       3.077985646248e-01       1.517609759756e-01 
       3.181667793367e-01       1.435596180412e-01 
       3.289091877084e-01       1.351815444914e-01 
       3.400460298905e-01       1.261643664841e-01 
       3.515999235695e-01       1.172022040282e-01 
       3.635962710278e-01       1.091775410068e-01 
       3.760637505499e-01       1.023099860667e-01 
       3.890349143014e-01       9.593771456409e-02 
       4.025469215929e-01       8.950763815656e-02 
       4.166424455447e-01       8.311179495111e-02 
       4.313708034899e-01       7.721546108416e-02 
       4.467893781976e-01       7.190078684970e-02 
       4.629654198623e-01       6.686897817471e-02 
       4.799783500912e-01       6.191741929420e-02 
       4.979227318246e-01       5.722238874257e-02 
       5.169121269689e-01       5.290305542172e-02 
       5.370841403262e-01       4.876992376080e-02 
       5.586070463286e-01       4.479081503746e-02 
       5.816885093582e-01       4.105199264799e-02 
       6.065870143577e-01       3.748987285998e-02 
       6.336266466978e-01       3.407632913054e-02 
       6.632156057925e-01       3.083462941401e-02 
       6.958678637575e-01       2.772825524603e-02 
       7.322247983784e-01       2.476713031437e-02 
       7.730680193171e-01       2.193957759622e-02 
       8.193049551574e-01       1.925614456160e-02 
       8.718988013754e-01       1.672929281931e-02 
       9.317218028590e-01       1.438426224160e-02 
       9.993660906273e-01       1.225067877473e-02 
       1.075037109879e+00       1.035262237236e-02 
       1.158653485387e+00       8.699745598427e-03 
       1.250099156961e+00       7.284599786785e-03 
       1.349432400897e+00       6.085487239479e-03 
       1.456947456991e+00       5.075716578146e-03 
       1.573135110893e+00       4.228302506632e-03 
       1.698621895119e+00       3.518548634294e-03 
       1.834127512423e+00       2.924976633513e-03 
       1.980444933977e+00       2.429160869954e-03 
       2.138435191130e+00       2.015513907352e-03 
       2.309029198543e+00       1.670772497646e-03 
       2.493232376993e+00       1.383793160939e-03 
       2.692130394536e+00       1.145132536261e-03 
       2.906895533764e+00       9.468554219104e-04 
       3.138793596840e+00       7.822895155637e-04 
       3.389191365541e+00       6.458246846604e-04 
       3.659564656886e+00       5.327676408459e-04 
       3.951507021438e+00       4.391849824041e-04 
       4.266739135513e+00       3.617907374099e-04 
       4.607118942658e+00       2.978276063204e-04 
       4.974652604172e+00       2.450134710821e-04 
       5.371506323193e+00       2.014364808575e-04 
       5.800019112071e+00       1.655077033623e-04 
       6.262716578240e+00       1.359037604269e-04 
       6.762325809881e+00       1.115306051907e-04 
       7.301791449077e+00       9.147665314514e-05 
       7.884293047211e+00       7.498648092984e-05 
       8.513263804891e+00       6.143614332465e-05 
       9.192410806865e+00       5.030876133174e-05 
       9.925736871166e+00       4.117514711093e-05 
       1.071756414128e+01       3.368329122534e-05 
       1.157255956041e+01       2.754146258466e-05 
       1.249576237789e+01       2.250871786427e-05 
       1.349261385000e+01       1.838751778334e-05 
       1.456898931011e+01       1.501416401388e-05 
       1.573123279727e+01       1.225427368051e-05 
       1.698619444729e+01       9.997674073717e-06 
       1.834127086665e+01       8.153103876400e-06 
       1.980444872733e+01       6.646191382158e-06 
       2.138435183937e+01       5.415688153491e-06 
       2.309029197863e+01       4.411330021868e-06 
       2.493232376942e+01       3.591857167058e-06 
       2.692130394533e+01       2.923550240844e-06 
       2.906895533764e+01       2.378744786287e-06 
       3.138793596840e+01       1.934749993049e-06 
       3.389191365541e+01       1.573088583550e-06 
       3.659564656886e+01       1.278607073343e-06 
       3.951507021438e+01       1.038909682307e-06 
       4.266739135513e+01       8.438570303880e-07 
       4.607118942658e+01       6.852018588978e-07 
       4.974652604172e+01       5.561958079054e-07 
       5.371506323193e+01       4.513296955656e-07 
       5.800019112071e+01       3.661240845362e-07 
       6.262716578240e+01       2.969070834922e-07 
       6.762325809881e+01       2.406991180062e-07 
