# Matter power spectrum P(k) at redshift z=99
# for k=1.04775e-05 to 67.6233 h/Mpc,
# number of wavenumbers equal to 246
#    1:k (h/Mpc)              2:P (Mpc/h)^3        
       1.047750691046e-05       7.261927680861e-03 
       1.131335172503e-05       7.820331652431e-03 
       1.221587619537e-05       8.421675995454e-03 
       1.319039970183e-05       9.069258201848e-03 
       1.424266597921e-05       9.766638412133e-03 
       1.537887696968e-05       1.051764070801e-02 
       1.660572937635e-05       1.132639106725e-02 
       1.793045413292e-05       1.219733232715e-02 
       1.936085902198e-05       1.313524225779e-02 
       2.090537469327e-05       1.414527123399e-02 
       2.257310435294e-05       1.523296273823e-02 
       2.437387741694e-05       1.640429446288e-02 
       2.631830744443e-05       1.766569584058e-02 
       2.841785469300e-05       1.902408737005e-02 
       3.068489366414e-05       2.048692972772e-02 
       3.313278603720e-05       2.206225515942e-02 
       3.577595942169e-05       2.375870707438e-02 
       3.862999239199e-05       2.558560730202e-02 
       4.171170630578e-05       2.755297766277e-02 
       4.503926444729e-05       2.967161930473e-02 
       4.863227907969e-05       3.195316454233e-02 
       5.251192703764e-05       3.441013522947e-02 
       5.670107454120e-05       3.705601726472e-02 
       6.122441196689e-05       3.990533417797e-02 
       6.610859936996e-05       4.297372172777e-02 
       7.138242361596e-05       4.627802146614e-02 
       7.707696804727e-05       4.983636199464e-02 
       8.322579568497e-05       5.366826852944e-02 
       8.986514704559e-05       5.779476400721e-02 
       9.703415373875e-05       6.223848250510e-02 
       1.047750691046e-04       6.702379872774e-02 
       1.131335172503e-04       7.217695161064e-02 
       1.221587619537e-04       7.772619081847e-02 
       1.319039970183e-04       8.370193441285e-02 
       1.424266597921e-04       9.013692517140e-02 
       1.537887696968e-04       9.706641252902e-02 
       1.660572937635e-04       1.045283355384e-01 
       1.793045413292e-04       1.125635350266e-01 
       1.936085902198e-04       1.212159616259e-01 
       2.090537469327e-04       1.305329134104e-01 
       2.257310435294e-04       1.405652847711e-01 
       2.437387741694e-04       1.513678304151e-01 
       2.631830744443e-04       1.629994506605e-01 
       2.841785469300e-04       1.755234923092e-01 
       3.068489366414e-04       1.890080672425e-01 
       3.313278603720e-04       2.035264004601e-01 
       3.577595942169e-04       2.191571806013e-01 
       3.862999239199e-04       2.359849440104e-01 
       4.171170630578e-04       2.541004744243e-01 
       4.503926444729e-04       2.736012083189e-01 
       4.863227907969e-04       2.945916794099e-01 
       5.251192703764e-04       3.171839528557e-01 
       5.670107454121e-04       3.414980767635e-01 
       6.122441196689e-04       3.676625417011e-01 
       6.610859936996e-04       3.958147256513e-01 
       7.138242361596e-04       4.261013289358e-01 
       7.707696804727e-04       4.586787797353e-01 
       8.322579568497e-04       4.937136006285e-01 
       8.986514704559e-04       5.313826807049e-01 
       9.703415373875e-04       5.718734978233e-01 
       1.047750691046e-03       6.153841636040e-01 
       1.131335172503e-03       6.621233246495e-01 
       1.221587619537e-03       7.123098227986e-01 
       1.319039970183e-03       7.661720592476e-01 
       1.424266597921e-03       8.239546306464e-01 
       1.537887696968e-03       8.859011182850e-01 
       1.660572937635e-03       9.522588016479e-01 
       1.793045413292e-03       1.023280100902e+00 
       1.936085902198e-03       1.099216305740e+00 
       2.090537469327e-03       1.180312991699e+00 
       2.257310435294e-03       1.266804117185e+00 
       2.437387741694e-03       1.358904854835e+00 
       2.631830744443e-03       1.456802684686e+00 
       2.841785469300e-03       1.560646892157e+00 
       3.068489366414e-03       1.670536064244e+00 
       3.313278603720e-03       1.786503854040e+00 
       3.577595942169e-03       1.908502932770e+00 
       3.862999239199e-03       2.036387732815e+00 
       4.171170630578e-03       2.169896195805e+00 
       4.503926444729e-03       2.308631881359e+00 
       4.863227907969e-03       2.452047293460e+00 
       5.251192703764e-03       2.599430630722e+00 
       5.670107454120e-03       2.749896934590e+00 
       6.122441196689e-03       2.902386516274e+00 
       6.610859936996e-03       3.055668622354e+00 
       7.138242361596e-03       3.208356464661e+00 
       7.707696804727e-03       3.358923895739e+00 
       8.322579568496e-03       3.505725598625e+00 
       8.986514704559e-03       3.647009641252e+00 
       9.703415373875e-03       3.780923307750e+00 
       1.047750691046e-02       3.905490840140e+00 
       1.131335172503e-02       4.018588044263e+00 
       1.221587619537e-02       4.117901590531e+00 
       1.319039970183e-02       4.200915314980e+00 
       1.424266597920e-02       4.264942354602e+00 
       1.537887696964e-02       4.307220751605e+00 
       1.660572937560e-02       4.325062286429e+00 
       1.793045412207e-02       4.316057369478e+00 
       1.936085889642e-02       4.278232159848e+00 
       2.090537351881e-02       4.210196323405e+00 
       2.257309534705e-02       4.111424475030e+00 
       2.437382002240e-02       3.982423972966e+00 
       2.631799943729e-02       3.825173908719e+00 
       2.841644544598e-02       3.643286089843e+00 
       3.067933354524e-02       3.442201567185e+00 
       3.311368469821e-02       3.229234888650e+00 
       3.571840442514e-02       3.013511927100e+00 
       3.847720347390e-02       2.805285559615e+00 
       4.135335537314e-02       2.614405983034e+00 
       4.429361666563e-02       2.448139375523e+00 
       4.724366437916e-02       2.309237003268e+00 
       5.016480834039e-02       2.196112859931e+00 
       5.303989618930e-02       2.104365035069e+00 
       5.586870668205e-02       2.028461313537e+00 
       5.866042679206e-02       1.963153722666e+00 
       6.142798931504e-02       1.903779100233e+00 
       6.418496438662e-02       1.846479245136e+00 
       6.694418832236e-02       1.788195279658e+00 
       6.971731104453e-02       1.726717682654e+00 
       7.251476154108e-02       1.660651817667e+00 
       7.534587669814e-02       1.589469150510e+00 
       7.821907664495e-02       1.513439260584e+00 
       8.114203771084e-02       1.433566939724e+00 
       8.412184533139e-02       1.351492130336e+00 
       8.716512277352e-02       1.269274129261e+00 
       9.027813693913e-02       1.189192138691e+00 
       9.346688429613e-02       1.113499877694e+00 
       9.673716026122e-02       1.044174276744e+00 
       1.000946150608e-01       9.827071872867e-01 
       1.035447986307e-01       9.299373018153e-01 
       1.070931966524e-01       8.859607666945e-01 
       1.107452594180e-01       8.500712513330e-01 
       1.145064248899e-01       8.208040118132e-01 
       1.183821370656e-01       7.960245214043e-01 
       1.223778605591e-01       7.731480003251e-01 
       1.264990921707e-01       7.494517486197e-01 
       1.307513701078e-01       7.225584783628e-01 
       1.351402814485e-01       6.909084786030e-01 
       1.396714683894e-01       6.541803688810e-01 
       1.443506337875e-01       6.134278484907e-01 
       1.491835464900e-01       5.708686105684e-01 
       1.541760469368e-01       5.293636868147e-01 
       1.593340535209e-01       4.917116446219e-01 
       1.646635701934e-01       4.599195721064e-01 
       1.701706958081e-01       4.347278035972e-01 
       1.758616357070e-01       4.154083501739e-01 
       1.817427160581e-01       3.999366821828e-01 
       1.878204014651e-01       3.856833503295e-01 
       1.941013163855e-01       3.698097167880e-01 
       2.005922709060e-01       3.505465098413e-01 
       2.073002914514e-01       3.280428087798e-01 
       2.142326570343e-01       3.042142799674e-01 
       2.213969417044e-01       2.816123985483e-01 
       2.288010639201e-01       2.622568074015e-01 
       2.364533436625e-01       2.469616228622e-01 
       2.443625682390e-01       2.350131530317e-01 
       2.525380678946e-01       2.244178398388e-01 
       2.609898025770e-01       2.130934339492e-01 
       2.697284614969e-01       2.001019273160e-01 
       2.787655775073e-01       1.860200821553e-01 
       2.881136588192e-01       1.725176018775e-01 
       2.977863412019e-01       1.610662899973e-01 
       3.077985646248e-01       1.517610065196e-01 
       3.181667793367e-01       1.435596242879e-01 
       3.289091877084e-01       1.351815176831e-01 
       3.400460298905e-01       1.261642424005e-01 
       3.515999235695e-01       1.172018814275e-01 
       3.635962710278e-01       1.091768355371e-01 
       3.760637505499e-01       1.023091675940e-01 
       3.890349143014e-01       9.593770564112e-02 
       4.025469215929e-01       8.950764791481e-02 
       4.166424455447e-01       8.311174732290e-02 
       4.313708034899e-01       7.721571931740e-02 
       4.467893781976e-01       7.190070816903e-02 
       4.629654198623e-01       6.686911507239e-02 
       4.799783500912e-01       6.191765310147e-02 
       4.979227318246e-01       5.722221026358e-02 
       5.169121269689e-01       5.290305034945e-02 
       5.370841403262e-01       4.876991297621e-02 
       5.586070463286e-01       4.479098141101e-02 
       5.816885093582e-01       4.105199032165e-02 
       6.065870143577e-01       3.749002071832e-02 
       6.336266466978e-01       3.407628649771e-02 
       6.632156057925e-01       3.083463663662e-02 
       6.958678637575e-01       2.772838534565e-02 
       7.322247983784e-01       2.476712199985e-02 
       7.730680193171e-01       2.193970537681e-02 
       8.193049551574e-01       1.925607934697e-02 
       8.718988013754e-01       1.672930500212e-02 
       9.317218028590e-01       1.438424120104e-02 
       9.993660906273e-01       1.225068343381e-02 
       1.075037109879e+00       1.035261405686e-02 
       1.158653485387e+00       8.699699434973e-03 
       1.250099156961e+00       7.284598313276e-03 
       1.349432400897e+00       6.085467028682e-03 
       1.456947456991e+00       5.075708140658e-03 
       1.573135110893e+00       4.228289270352e-03 
       1.698621895119e+00       3.518534214351e-03 
       1.834127512423e+00       2.924977568218e-03 
       1.980444933977e+00       2.429163071525e-03 
       2.138435191130e+00       2.015505286988e-03 
       2.309029198543e+00       1.670767619506e-03 
       2.493232376993e+00       1.383785902594e-03 
       2.692130394536e+00       1.145124610288e-03 
       2.906895533764e+00       9.468515886156e-04 
       3.138793596840e+00       7.822850884820e-04 
       3.389191365541e+00       6.458139033834e-04 
       3.659564656886e+00       5.327612248451e-04 
       3.951507021438e+00       4.391769320597e-04 
       4.266739135513e+00       3.617796086056e-04 
       4.607118942658e+00       2.978205758908e-04 
       4.974652604172e+00       2.450052188398e-04 
       5.371506323193e+00       2.014271826776e-04 
       5.800019112071e+00       1.654959752898e-04 
       6.262716578240e+00       1.358939155400e-04 
       6.762325809881e+00       1.115207699595e-04 
       7.301791449077e+00       9.146626361048e-05 
       7.884293047211e+00       7.497670107105e-05 
       8.513263804891e+00       6.142661890601e-05 
       9.192410806865e+00       5.029868260462e-05 
       9.925736871166e+00       4.116567018691e-05 
       1.071756414128e+01       3.367389391287e-05 
       1.157255956041e+01       2.753204029420e-05 
       1.249576237789e+01       2.249937011432e-05 
       1.349261385000e+01       1.837833999254e-05 
       1.456898931011e+01       1.500482226678e-05 
       1.573123279727e+01       1.224498162982e-05 
       1.698619444729e+01       9.988318081767e-06 
       1.834127086665e+01       8.143852374950e-06 
       1.980444872733e+01       6.636992558804e-06 
       2.138435183937e+01       5.406471703225e-06 
       2.309029197863e+01       4.402199703940e-06 
       2.493232376942e+01       3.582739807358e-06 
       2.692130394533e+01       2.914486655807e-06 
       2.906895533764e+01       2.369762345401e-06 
       3.138793596840e+01       1.925820687497e-06 
       3.389191365541e+01       1.564207932198e-06 
       3.659564656886e+01       1.269785694133e-06 
       3.951507021438e+01       1.030131917737e-06 
       4.266739135513e+01       8.351435632873e-07 
       4.607118942658e+01       6.765569759654e-07 
       4.974652604172e+01       5.476252747820e-07 
       5.371506323193e+01       4.428380249697e-07 
       5.800019112071e+01       3.577093942669e-07 
       6.262716578240e+01       2.885861213200e-07 
       6.762325809881e+01       2.324728102583e-07 
