# Matter power spectrum P(k) at redshift z=99
# for k=1.04775e-05 to 67.6233 h/Mpc,
# number of wavenumbers equal to 246
#    1:k (h/Mpc)              2:P (Mpc/h)^3        
       1.047750691046e-05       7.261927680861e-03 
       1.131335172503e-05       7.820331652431e-03 
       1.221587619537e-05       8.421675995453e-03 
       1.319039970183e-05       9.069258201848e-03 
       1.424266597921e-05       9.766638412133e-03 
       1.537887696968e-05       1.051764070801e-02 
       1.660572937635e-05       1.132639106725e-02 
       1.793045413292e-05       1.219733232715e-02 
       1.936085902198e-05       1.313524225779e-02 
       2.090537469327e-05       1.414527123399e-02 
       2.257310435294e-05       1.523296273823e-02 
       2.437387741694e-05       1.640429446288e-02 
       2.631830744443e-05       1.766569584058e-02 
       2.841785469300e-05       1.902408737005e-02 
       3.068489366414e-05       2.048692972772e-02 
       3.313278603720e-05       2.206225515942e-02 
       3.577595942169e-05       2.375870707438e-02 
       3.862999239199e-05       2.558560730202e-02 
       4.171170630578e-05       2.755297766277e-02 
       4.503926444729e-05       2.967161930473e-02 
       4.863227907969e-05       3.195316454233e-02 
       5.251192703764e-05       3.441013522947e-02 
       5.670107454120e-05       3.705601726474e-02 
       6.122441196689e-05       3.990533417796e-02 
       6.610859936996e-05       4.297372172777e-02 
       7.138242361596e-05       4.627802146614e-02 
       7.707696804727e-05       4.983636199464e-02 
       8.322579568497e-05       5.366826852944e-02 
       8.986514704559e-05       5.779476400721e-02 
       9.703415373875e-05       6.223848250510e-02 
       1.047750691046e-04       6.702379872774e-02 
       1.131335172503e-04       7.217695161063e-02 
       1.221587619537e-04       7.772619081847e-02 
       1.319039970183e-04       8.370193441285e-02 
       1.424266597921e-04       9.013692517141e-02 
       1.537887696968e-04       9.706641252902e-02 
       1.660572937635e-04       1.045283355384e-01 
       1.793045413292e-04       1.125635350266e-01 
       1.936085902198e-04       1.212159616259e-01 
       2.090537469327e-04       1.305329134104e-01 
       2.257310435294e-04       1.405652847711e-01 
       2.437387741694e-04       1.513678304151e-01 
       2.631830744443e-04       1.629994506605e-01 
       2.841785469300e-04       1.755234923092e-01 
       3.068489366414e-04       1.890080672425e-01 
       3.313278603720e-04       2.035264004601e-01 
       3.577595942169e-04       2.191571806013e-01 
       3.862999239199e-04       2.359849440105e-01 
       4.171170630578e-04       2.541004744243e-01 
       4.503926444729e-04       2.736012083189e-01 
       4.863227907969e-04       2.945916794099e-01 
       5.251192703764e-04       3.171839528557e-01 
       5.670107454121e-04       3.414980767635e-01 
       6.122441196689e-04       3.676625417011e-01 
       6.610859936996e-04       3.958147256513e-01 
       7.138242361596e-04       4.261013289360e-01 
       7.707696804727e-04       4.586787797351e-01 
       8.322579568497e-04       4.937136006282e-01 
       8.986514704559e-04       5.313826807049e-01 
       9.703415373875e-04       5.718734978233e-01 
       1.047750691046e-03       6.153841636040e-01 
       1.131335172503e-03       6.621233246496e-01 
       1.221587619537e-03       7.123098228003e-01 
       1.319039970183e-03       7.661720592394e-01 
       1.424266597921e-03       8.239546306464e-01 
       1.537887696968e-03       8.859011182851e-01 
       1.660572937635e-03       9.522588016484e-01 
       1.793045413292e-03       1.023280100902e+00 
       1.936085902198e-03       1.099216305740e+00 
       2.090537469327e-03       1.180312991700e+00 
       2.257310435294e-03       1.266804117180e+00 
       2.437387741694e-03       1.358904854834e+00 
       2.631830744443e-03       1.456802684686e+00 
       2.841785469300e-03       1.560646892157e+00 
       3.068489366414e-03       1.670536064245e+00 
       3.313278603720e-03       1.786503854037e+00 
       3.577595942169e-03       1.908502932770e+00 
       3.862999239199e-03       2.036387732816e+00 
       4.171170630578e-03       2.169896196539e+00 
       4.503926444729e-03       2.308631881359e+00 
       4.863227907969e-03       2.452047293460e+00 
       5.251192703764e-03       2.599430630722e+00 
       5.670107454120e-03       2.749896934608e+00 
       6.122441196689e-03       2.902386516275e+00 
       6.610859936996e-03       3.055668713907e+00 
       7.138242361596e-03       3.208356464661e+00 
       7.707696804727e-03       3.358923896336e+00 
       8.322579568496e-03       3.505725598753e+00 
       8.986514704559e-03       3.647009637419e+00 
       9.703415373875e-03       3.780923307797e+00 
       1.047750691046e-02       3.905490635096e+00 
       1.131335172503e-02       4.018587644929e+00 
       1.221587619537e-02       4.117901592158e+00 
       1.319039970183e-02       4.200915383875e+00 
       1.424266597920e-02       4.264942432534e+00 
       1.537887696964e-02       4.307217488084e+00 
       1.660572937560e-02       4.325062664439e+00 
       1.793045412207e-02       4.316056468620e+00 
       1.936085889642e-02       4.278230154603e+00 
       2.090537351881e-02       4.210203117529e+00 
       2.257309534705e-02       4.111422206053e+00 
       2.437382002240e-02       3.982424595559e+00 
       2.631799943729e-02       3.825164924570e+00 
       2.841644544598e-02       3.643281922757e+00 
       3.067933354524e-02       3.442198014533e+00 
       3.311368469821e-02       3.229243727874e+00 
       3.571840442514e-02       3.013511317974e+00 
       3.847720347390e-02       2.805287288898e+00 
       4.135335537314e-02       2.614410226436e+00 
       4.429361666563e-02       2.448129124954e+00 
       4.724366437916e-02       2.309236110054e+00 
       5.016480834039e-02       2.196107415205e+00 
       5.303989618930e-02       2.104364853316e+00 
       5.586870668205e-02       2.028463700214e+00 
       5.866042679206e-02       1.963155199704e+00 
       6.142798931504e-02       1.903780327629e+00 
       6.418496438662e-02       1.846475919396e+00 
       6.694418832236e-02       1.788197519216e+00 
       6.971731104453e-02       1.726712713451e+00 
       7.251476154108e-02       1.660654454129e+00 
       7.534587669814e-02       1.589468201233e+00 
       7.821907664495e-02       1.513438009747e+00 
       8.114203771084e-02       1.433571448812e+00 
       8.412184533139e-02       1.351493855096e+00 
       8.716512277352e-02       1.269274563291e+00 
       9.027813693913e-02       1.189195308264e+00 
       9.346688429613e-02       1.113502043329e+00 
       9.673716026122e-02       1.044173226923e+00 
       1.000946150608e-01       9.827078606183e-01 
       1.035447986307e-01       9.299391884319e-01 
       1.070931966524e-01       8.859602910018e-01 
       1.107452594180e-01       8.500717260103e-01 
       1.145064248899e-01       8.208048263789e-01 
       1.183821370656e-01       7.960275878158e-01 
       1.223778605591e-01       7.731471125298e-01 
       1.264990921707e-01       7.494518117551e-01 
       1.307513701078e-01       7.225584538298e-01 
       1.351402814485e-01       6.909096305337e-01 
       1.396714683894e-01       6.541808289739e-01 
       1.443506337875e-01       6.134261017688e-01 
       1.491835464900e-01       5.708689735292e-01 
       1.541760469368e-01       5.293631869485e-01 
       1.593340535209e-01       4.917109995029e-01 
       1.646635701934e-01       4.599205954036e-01 
       1.701706958081e-01       4.347290207235e-01 
       1.758616357070e-01       4.154083578867e-01 
       1.817427160581e-01       3.999373998199e-01 
       1.878204014651e-01       3.856836870107e-01 
       1.941013163855e-01       3.698093692774e-01 
       2.005922709060e-01       3.505463640516e-01 
       2.073002914514e-01       3.280436857029e-01 
       2.142326570343e-01       3.042136449867e-01 
       2.213969417044e-01       2.816121475270e-01 
       2.288010639201e-01       2.622580861354e-01 
       2.364533436625e-01       2.469622055981e-01 
       2.443625682390e-01       2.350131512088e-01 
       2.525380678946e-01       2.244178757975e-01 
       2.609898025770e-01       2.130940805600e-01 
       2.697284614969e-01       2.001018083661e-01 
       2.787655775073e-01       1.860202907279e-01 
       2.881136588192e-01       1.725172657283e-01 
       2.977863412019e-01       1.610662061859e-01 
       3.077985646248e-01       1.517608545413e-01 
       3.181667793367e-01       1.435595421105e-01 
       3.289091877084e-01       1.351813793792e-01 
       3.400460298905e-01       1.261642989562e-01 
       3.515999235695e-01       1.172018660326e-01 
       3.635962710278e-01       1.091770718475e-01 
       3.760637505499e-01       1.023095177529e-01 
       3.890349143014e-01       9.593787713633e-02 
       4.025469215929e-01       8.950793537906e-02 
       4.166424455447e-01       8.311165350595e-02 
       4.313708034899e-01       7.721533446929e-02 
       4.467893781976e-01       7.190060740188e-02 
       4.629654198623e-01       6.686904448401e-02 
       4.799783500912e-01       6.191750676063e-02 
       4.979227318246e-01       5.722221838578e-02 
       5.169121269689e-01       5.290304165909e-02 
       5.370841403262e-01       4.876964459287e-02 
       5.586070463286e-01       4.479085945763e-02 
       5.816885093582e-01       4.105185433992e-02 
       6.065870143577e-01       3.748997477408e-02 
       6.336266466978e-01       3.407625516626e-02 
       6.632156057925e-01       3.083459791621e-02 
       6.958678637575e-01       2.772832053300e-02 
       7.322247983784e-01       2.476714130417e-02 
       7.730680193171e-01       2.193956201994e-02 
       8.193049551574e-01       1.925615138237e-02 
       8.718988013754e-01       1.672926807778e-02 
       9.317218028590e-01       1.438422168762e-02 
       9.993660906273e-01       1.225066568146e-02 
       1.075037109879e+00       1.035257869115e-02 
       1.158653485387e+00       8.699748206777e-03 
       1.250099156961e+00       7.284589993326e-03 
       1.349432400897e+00       6.085471363142e-03 
       1.456947456991e+00       5.075744571973e-03 
       1.573135110893e+00       4.228297431284e-03 
       1.698621895119e+00       3.518551526436e-03 
       1.834127512423e+00       2.924989054743e-03 
       1.980444933977e+00       2.429168971846e-03 
       2.138435191130e+00       2.015510733724e-03 
       2.309029198543e+00       1.670774352431e-03 
       2.493232376993e+00       1.383796304215e-03 
       2.692130394536e+00       1.145130859387e-03 
       2.906895533764e+00       9.468589633947e-04 
       3.138793596840e+00       7.822871779727e-04 
       3.389191365541e+00       6.458242670729e-04 
       3.659564656886e+00       5.327714541820e-04 
       3.951507021438e+00       4.391851920308e-04 
       4.266739135513e+00       3.617881179743e-04 
       4.607118942658e+00       2.978284627058e-04 
       4.974652604172e+00       2.450130752324e-04 
       5.371506323193e+00       2.014357529392e-04 
       5.800019112071e+00       1.655075328984e-04 
       6.262716578240e+00       1.359034091023e-04 
       6.762325809881e+00       1.115299729033e-04 
       7.301791449077e+00       9.147689322158e-05 
       7.884293047211e+00       7.498659354606e-05 
       8.513263804891e+00       6.143597176611e-05 
       9.192410806865e+00       5.030826259555e-05 
       9.925736871166e+00       4.117521544478e-05 
       1.071756414128e+01       3.368344127617e-05 
       1.157255956041e+01       2.754121633275e-05 
       1.249576237789e+01       2.250880275287e-05 
       1.349261385000e+01       1.838768557011e-05 
       1.456898931011e+01       1.501417997527e-05 
       1.573123279727e+01       1.225439636771e-05 
       1.698619444729e+01       9.997656501165e-06 
       1.834127086665e+01       8.153054072957e-06 
       1.980444872733e+01       6.646214269703e-06 
       2.138435183937e+01       5.415722076057e-06 
       2.309029197863e+01       4.411333275849e-06 
       2.493232376942e+01       3.591893734654e-06 
       2.692130394533e+01       2.923555645038e-06 
       2.906895533764e+01       2.378730199422e-06 
       3.138793596840e+01       1.934747574116e-06 
       3.389191365541e+01       1.573114529613e-06 
       3.659564656886e+01       1.278620098883e-06 
       3.951507021438e+01       1.038915067067e-06 
       4.266739135513e+01       8.438694621333e-07 
       4.607118942658e+01       6.852069428519e-07 
       4.974652604172e+01       5.562069074266e-07 
       5.371506323193e+01       4.513431928643e-07 
       5.800019112071e+01       3.661303294148e-07 
       6.262716578240e+01       2.969158103172e-07 
       6.762325809881e+01       2.407046240024e-07 
