# Matter power spectrum P(k) at redshift z=99
# for k=1.04775e-05 to 67.6233 h/Mpc,
# number of wavenumbers equal to 246
#    1:k (h/Mpc)              2:P (Mpc/h)^3        
       1.047750691046e-05       7.261927681105e-03 
       1.131335172503e-05       7.820331652694e-03 
       1.221587619537e-05       8.421675995737e-03 
       1.319039970183e-05       9.069258202153e-03 
       1.424266597921e-05       9.766638412460e-03 
       1.537887696968e-05       1.051764070836e-02 
       1.660572937635e-05       1.132639106763e-02 
       1.793045413292e-05       1.219733232756e-02 
       1.936085902198e-05       1.313524225823e-02 
       2.090537469327e-05       1.414527123447e-02 
       2.257310435294e-05       1.523296273874e-02 
       2.437387741694e-05       1.640429446343e-02 
       2.631830744443e-05       1.766569584117e-02 
       2.841785469300e-05       1.902408737069e-02 
       3.068489366414e-05       2.048692972841e-02 
       3.313278603720e-05       2.206225516016e-02 
       3.577595942169e-05       2.375870707518e-02 
       3.862999239199e-05       2.558560730288e-02 
       4.171170630578e-05       2.755297766369e-02 
       4.503926444729e-05       2.967161930574e-02 
       4.863227907969e-05       3.195316454340e-02 
       5.251192703764e-05       3.441013523063e-02 
       5.670107454120e-05       3.705601726595e-02 
       6.122441196689e-05       3.990533417930e-02 
       6.610859936996e-05       4.297372172921e-02 
       7.138242361596e-05       4.627802146769e-02 
       7.707696804727e-05       4.983636199631e-02 
       8.322579568497e-05       5.366826853124e-02 
       8.986514704559e-05       5.779476400914e-02 
       9.703415373875e-05       6.223848250718e-02 
       1.047750691046e-04       6.702379872998e-02 
       1.131335172503e-04       7.217695161305e-02 
       1.221587619537e-04       7.772619082103e-02 
       1.319039970183e-04       8.370193441565e-02 
       1.424266597921e-04       9.013692517441e-02 
       1.537887696968e-04       9.706641253225e-02 
       1.660572937635e-04       1.045283355419e-01 
       1.793045413292e-04       1.125635350304e-01 
       1.936085902198e-04       1.212159616299e-01 
       2.090537469327e-04       1.305329134147e-01 
       2.257310435294e-04       1.405652847757e-01 
       2.437387741694e-04       1.513678304201e-01 
       2.631830744443e-04       1.629994506659e-01 
       2.841785469300e-04       1.755234923149e-01 
       3.068489366414e-04       1.890080672486e-01 
       3.313278603720e-04       2.035264004666e-01 
       3.577595942169e-04       2.191571806083e-01 
       3.862999239199e-04       2.359849440178e-01 
       4.171170630578e-04       2.541004744322e-01 
       4.503926444729e-04       2.736012083273e-01 
       4.863227907969e-04       2.945916794189e-01 
       5.251192703764e-04       3.171839528652e-01 
       5.670107454121e-04       3.414980767734e-01 
       6.122441196689e-04       3.676625417116e-01 
       6.610859936996e-04       3.958147256622e-01 
       7.138242361596e-04       4.261013289473e-01 
       7.707696804727e-04       4.586787797468e-01 
       8.322579568497e-04       4.937136006416e-01 
       8.986514704559e-04       5.313826807167e-01 
       9.703415373875e-04       5.718734978349e-01 
       1.047750691046e-03       6.153841636148e-01 
       1.131335172503e-03       6.621233246597e-01 
       1.221587619537e-03       7.123098228083e-01 
       1.319039970183e-03       7.661720592306e-01 
       1.424266597921e-03       8.239546306494e-01 
       1.537887696968e-03       8.859011182834e-01 
       1.660572937635e-03       9.522588016399e-01 
       1.793045413292e-03       1.023280100884e+00 
       1.936085902198e-03       1.099216305710e+00 
       2.090537469327e-03       1.180312991651e+00 
       2.257310435294e-03       1.266804117115e+00 
       2.437387741694e-03       1.358904854740e+00 
       2.631830744443e-03       1.456802684554e+00 
       2.841785469300e-03       1.560646891978e+00 
       3.068489366414e-03       1.670536064008e+00 
       3.313278603720e-03       1.786503853724e+00 
       3.577595942169e-03       1.908502932364e+00 
       3.862999239199e-03       2.036387732288e+00 
       4.171170630578e-03       2.169896192481e+00 
       4.503926444729e-03       2.308631880490e+00 
       4.863227907969e-03       2.452047292352e+00 
       5.251192703764e-03       2.599430629316e+00 
       5.670107454120e-03       2.749896932757e+00 
       6.122441196689e-03       2.902386514034e+00 
       6.610859936996e-03       3.055668919172e+00 
       7.138242361596e-03       3.208356461139e+00 
       7.707696804727e-03       3.358923891019e+00 
       8.322579568496e-03       3.505725135481e+00 
       8.986514704559e-03       3.647009249659e+00 
       9.703415373875e-03       3.780923299351e+00 
       1.047750691046e-02       3.905490507712e+00 
       1.131335172503e-02       4.018588472629e+00 
       1.221587619537e-02       4.117901568944e+00 
       1.319039970183e-02       4.200915250460e+00 
       1.424266597920e-02       4.264942381325e+00 
       1.537887696964e-02       4.307217825570e+00 
       1.660572937560e-02       4.325060764009e+00 
       1.793045412207e-02       4.316057426836e+00 
       1.936085889642e-02       4.278230163792e+00 
       2.090537351881e-02       4.210204949114e+00 
       2.257309534705e-02       4.111420472774e+00 
       2.437382002240e-02       3.982416291596e+00 
       2.631799943729e-02       3.825166431942e+00 
       2.841644544598e-02       3.643282028365e+00 
       3.067933354524e-02       3.442191686972e+00 
       3.311368469821e-02       3.229238164989e+00 
       3.571840442514e-02       3.013512451292e+00 
       3.847720347390e-02       2.805287443724e+00 
       4.135335537314e-02       2.614410150601e+00 
       4.429361666563e-02       2.448135449776e+00 
       4.724366437916e-02       2.309234619755e+00 
       5.016480834039e-02       2.196112680749e+00 
       5.303989618930e-02       2.104363656355e+00 
       5.586870668205e-02       2.028466826613e+00 
       5.866042679206e-02       1.963150844101e+00 
       6.142798931504e-02       1.903780942049e+00 
       6.418496438662e-02       1.846476223743e+00 
       6.694418832236e-02       1.788196316011e+00 
       6.971731104453e-02       1.726715391552e+00 
       7.251476154108e-02       1.660651441465e+00 
       7.534587669814e-02       1.589473456773e+00 
       7.821907664495e-02       1.513433071421e+00 
       8.114203771084e-02       1.433567234318e+00 
       8.412184533139e-02       1.351489817217e+00 
       8.716512277352e-02       1.269274708993e+00 
       9.027813693913e-02       1.189191361403e+00 
       9.346688429613e-02       1.113497787292e+00 
       9.673716026122e-02       1.044173505000e+00 
       1.000946150608e-01       9.827060550926e-01 
       1.035447986307e-01       9.299362840788e-01 
       1.070931966524e-01       8.859582937372e-01 
       1.107452594180e-01       8.500684664225e-01 
       1.145064248899e-01       8.208016718443e-01 
       1.183821370656e-01       7.960242343700e-01 
       1.223778605591e-01       7.731473437461e-01 
       1.264990921707e-01       7.494515836584e-01 
       1.307513701078e-01       7.225569375757e-01 
       1.351402814485e-01       6.909091481262e-01 
       1.396714683894e-01       6.541810365057e-01 
       1.443506337875e-01       6.134273086541e-01 
       1.491835464900e-01       5.708669079301e-01 
       1.541760469368e-01       5.293632705463e-01 
       1.593340535209e-01       4.917098546736e-01 
       1.646635701934e-01       4.599173598223e-01 
       1.701706958081e-01       4.347260776891e-01 
       1.758616357070e-01       4.154065168517e-01 
       1.817427160581e-01       3.999352358397e-01 
       1.878204014651e-01       3.856848728741e-01 
       1.941013163855e-01       3.698115274268e-01 
       2.005922709060e-01       3.505486267431e-01 
       2.073002914514e-01       3.280438453889e-01 
       2.142326570343e-01       3.042118996314e-01 
       2.213969417044e-01       2.816089361679e-01 
       2.288010639201e-01       2.622546798999e-01 
       2.364533436625e-01       2.469591157921e-01 
       2.443625682390e-01       2.350104676205e-01 
       2.525380678946e-01       2.244171469992e-01 
       2.609898025770e-01       2.130933551286e-01 
       2.697284614969e-01       2.000991366799e-01 
       2.787655775073e-01       1.860167724156e-01 
       2.881136588192e-01       1.725136962758e-01 
       2.977863412019e-01       1.610624994945e-01 
       3.077985646248e-01       1.517575267434e-01 
       3.181667793367e-01       1.435558122741e-01 
       3.289091877084e-01       1.351778935415e-01 
       3.400460298905e-01       1.261600630826e-01 
       3.515999235695e-01       1.171976897525e-01 
       3.635962710278e-01       1.091725987440e-01 
       3.760637505499e-01       1.023050635763e-01 
       3.890349143014e-01       9.593333241178e-02 
       4.025469215929e-01       8.950320081766e-02 
       4.166424455447e-01       8.310689769910e-02 
       4.313708034899e-01       7.721060530824e-02 
       4.467893781976e-01       7.189561451678e-02 
       4.629654198623e-01       6.686364788996e-02 
       4.799783500912e-01       6.191198881623e-02 
       4.979227318246e-01       5.721649446637e-02 
       5.169121269689e-01       5.289692968040e-02 
       5.370841403262e-01       4.876356628612e-02 
       5.586070463286e-01       4.478466259199e-02 
       5.816885093582e-01       4.104521376604e-02 
       6.065870143577e-01       3.748297229848e-02 
       6.336266466978e-01       3.406912482844e-02 
       6.632156057925e-01       3.082720291818e-02 
       6.958678637575e-01       2.772049905030e-02 
       7.322247983784e-01       2.475904803665e-02 
       7.730680193171e-01       2.193098811914e-02 
       8.193049551574e-01       1.924711894428e-02 
       8.718988013754e-01       1.671974511704e-02 
       9.317218028590e-01       1.437411135274e-02 
       9.993660906273e-01       1.223988147683e-02 
       1.075037109879e+00       1.034112095178e-02 
       1.158653485387e+00       8.687455487878e-03 
       1.250099156961e+00       7.271491086387e-03 
       1.349432400897e+00       6.071493584413e-03 
       1.456947456991e+00       5.060820404621e-03 
       1.573135110893e+00       4.212431038542e-03 
       1.698621895119e+00       3.501640228707e-03 
       1.834127512423e+00       2.906991803856e-03 
       1.980444933977e+00       2.410052007481e-03 
       2.138435191130e+00       1.995236022921e-03 
       2.309029198543e+00       1.649297063770e-03 
       2.493232376993e+00       1.361078360225e-03 
       2.692130394536e+00       1.121156312645e-03 
       2.906895533764e+00       9.216036313528e-04 
       3.138793596840e+00       7.557494989033e-04 
       3.389191365541e+00       6.180092868537e-04 
       3.659564656886e+00       5.036999907364e-04 
       3.951507021438e+00       4.089115237190e-04 
       4.266739135513e+00       3.303713704308e-04 
       4.607118942658e+00       2.653651166230e-04 
       4.974652604172e+00       2.116312217210e-04 
       5.371506323193e+00       1.672965104325e-04 
       5.800019112071e+00       1.308067086241e-04 
       6.262716578240e+00       1.008877180021e-04 
       6.762325809881e+00       7.648581021327e-05 
       7.301791449077e+00       5.673390887060e-05 
       7.884293047211e+00       4.091827814628e-05 
       8.513263804891e+00       2.844966830645e-05 
       9.192410806865e+00       1.883260525776e-05 
       9.925736871166e+00       1.164474817026e-05 
       1.071756414128e+01       6.514944648330e-06 
       1.157255956041e+01       3.104494246737e-06 
       1.249576237789e+01       1.092641805587e-06 
       1.349261385000e+01       1.667798575775e-07 
       1.456898931011e+01       1.998080079131e-08 
       1.573123279727e+01       3.551880973054e-07 
       1.698619444729e+01       8.983838170090e-07 
       1.834127086665e+01       1.417632925011e-06 
       1.980444872733e+01       1.745887557128e-06 
       2.138435183937e+01       1.799002005587e-06 
       2.309029197863e+01       1.582644710710e-06 
       2.493232376942e+01       1.180482196643e-06 
       2.692130394533e+01       7.210108881997e-07 
       2.906895533764e+01       3.308877852511e-07 
       3.138793596840e+01       8.911383911622e-08 
       3.389191365541e+01       2.814655897039e-09 
       3.659564656886e+01       1.744939820443e-08 
       3.951507021438e+01       5.693248319065e-08 
       4.266739135513e+01       6.943783854489e-08 
       4.607118942658e+01       4.872597580015e-08 
       4.974652604172e+01       1.907475610141e-08 
       5.371506323193e+01       2.453237015224e-09 
       5.800019112071e+01       2.529704649846e-10 
       6.262716578240e+01       1.910477920645e-09 
       6.762325809881e+01       1.439299333047e-09 
