# Matter power spectrum P(k) at redshift z=0
# for k=1.04775e-05 to 67.6233 h/Mpc,
# number of wavenumbers equal to 246
#    1:k (h/Mpc)              2:P (Mpc/h)^3        
       1.047750691046e-05       5.020964811308e+01 
       1.131335172503e-05       5.407050701927e+01 
       1.221587619537e-05       5.822819068689e+01 
       1.319039970183e-05       6.270562594775e+01 
       1.424266597921e-05       6.752732240880e+01 
       1.537887696968e-05       7.271977206173e+01 
       1.660572937635e-05       7.831147247912e+01 
       1.793045413292e-05       8.433311821988e+01 
       1.936085902198e-05       9.081778249833e+01 
       2.090537469327e-05       9.780108069295e+01 
       2.257310435294e-05       1.053213197893e+02 
       2.437387741694e-05       1.134197377890e+02 
       2.631830744443e-05       1.221408203809e+02 
       2.841785469300e-05       1.315324642463e+02 
       3.068489366414e-05       1.416462094882e+02 
       3.313278603720e-05       1.525374501932e+02 
       3.577595942169e-05       1.642660688414e+02 
       3.862999239199e-05       1.768963506307e+02 
       4.171170630578e-05       1.904975994009e+02 
       4.503926444729e-05       2.051444491974e+02 
       4.863227907969e-05       2.209171465549e+02 
       5.251192703764e-05       2.379022224249e+02 
       5.670107454120e-05       2.561927927654e+02 
       6.122441196689e-05       2.758890444040e+02 
       6.610859936996e-05       2.970989227880e+02 
       7.138242361596e-05       3.199385560802e+02 
       7.707696804727e-05       3.445329783680e+02 
       8.322579568497e-05       3.710167318945e+02 
       8.986514704559e-05       3.995346444203e+02 
       9.703415373875e-05       4.302425407383e+02 
       1.047750691046e-04       4.633080766742e+02 
       1.131335172503e-04       4.989116271565e+02 
       1.221587619537e-04       5.372471950930e+02 
       1.319039970183e-04       5.785234129338e+02 
       1.424266597921e-04       6.229645936045e+02 
       1.537887696968e-04       6.708118490405e+02 
       1.660572937635e-04       7.223242666092e+02 
       1.793045413292e-04       7.777801558972e+02 
       1.936085902198e-04       8.374783614141e+02 
       2.090537469327e-04       9.017396271824e+02 
       2.257310435294e-04       9.709080268041e+02 
       2.437387741694e-04       1.045352449493e+03 
       2.631830744443e-04       1.125468123750e+03 
       2.841785469300e-04       1.211678180495e+03 
       3.068489366414e-04       1.304435250150e+03 
       3.313278603720e-04       1.404223053681e+03 
       3.577595942169e-04       1.511558014616e+03 
       3.862999239199e-04       1.626990837722e+03 
       4.171170630578e-04       1.751108028790e+03 
       4.503926444729e-04       1.884533382872e+03 
       4.863227907969e-04       2.027929378112e+03 
       5.251192703764e-04       2.181998448133e+03 
       5.670107454121e-04       2.347484102755e+03 
       6.122441196689e-04       2.525171871365e+03 
       6.610859936996e-04       2.715889983593e+03 
       7.138242361596e-04       2.920509688388e+03 
       7.707696804727e-04       3.139945100279e+03 
       8.322579568497e-04       3.375152337588e+03 
       8.986514704559e-04       3.627127831141e+03 
       9.703415373875e-04       3.896905453136e+03 
       1.047750691046e-03       4.185552174300e+03 
       1.131335172503e-03       4.494162430373e+03 
       1.221587619537e-03       4.823850706489e+03 
       1.319039970183e-03       5.175742744627e+03 
       1.424266597921e-03       5.551019596909e+03 
       1.537887696968e-03       5.950788340554e+03 
       1.660572937635e-03       6.376123051789e+03 
       1.793045413292e-03       6.828073901450e+03 
       1.936085902198e-03       7.307625381066e+03 
       2.090537469327e-03       7.815671870396e+03 
       2.257310435294e-03       8.352990375817e+03 
       2.437387741694e-03       8.920211064343e+03 
       2.631830744443e-03       9.517783069112e+03 
       2.841785469300e-03       1.014593704435e+04 
       3.068489366414e-03       1.080464502806e+04 
       3.313278603720e-03       1.149357460343e+04 
       3.577595942169e-03       1.221203621722e+04 
       3.862999239199e-03       1.295892539446e+04 
       4.171170630578e-03       1.373266010675e+04 
       4.503926444729e-03       1.453111835625e+04 
       4.863227907969e-03       1.535154985299e+04 
       5.251192703764e-03       1.619063614552e+04 
       5.670107454120e-03       1.704431257715e+04 
       6.122441196689e-03       1.790755939648e+04 
       6.610859936996e-03       1.877460414479e+04 
       7.138242361596e-03       1.963872430369e+04 
       7.707696804727e-03       2.049215713666e+04 
       8.322579568496e-03       2.132607106321e+04 
       8.986514704559e-03       2.213055123326e+04 
       9.703415373875e-03       2.289445472174e+04 
       1.047750691046e-02       2.360548678706e+04 
       1.131335172503e-02       2.425022857981e+04 
       1.221587619537e-02       2.481423925975e+04 
       1.319039970183e-02       2.528218773761e+04 
       1.424266597920e-02       2.563814465446e+04 
       1.537887696964e-02       2.586607682152e+04 
       1.660572937560e-02       2.595025983081e+04 
       1.793045412207e-02       2.587635382658e+04 
       1.936085889642e-02       2.563220427563e+04 
       2.090537351881e-02       2.520935285186e+04 
       2.257309534705e-02       2.460448065859e+04 
       2.437382002240e-02       2.382085828586e+04 
       2.631799943729e-02       2.287045039110e+04 
       2.841644544598e-02       2.177449944157e+04 
       3.067933354524e-02       2.056556551316e+04 
       3.311368469821e-02       1.928722641239e+04 
       3.571840442514e-02       1.799404068259e+04 
       3.847720347390e-02       1.674677346167e+04 
       4.135335537314e-02       1.560459990548e+04 
       4.429361666563e-02       1.461040676628e+04 
       4.724366437916e-02       1.378057466056e+04 
       5.016480834039e-02       1.310508819099e+04 
       5.303989618930e-02       1.255715736565e+04 
       5.586870668205e-02       1.210425051212e+04 
       5.866042679206e-02       1.171465196745e+04 
       6.142798931504e-02       1.136048103113e+04 
       6.418496438662e-02       1.101857377102e+04 
       6.694418832236e-02       1.067067105955e+04 
       6.971731104453e-02       1.030358765268e+04 
       7.251476154108e-02       9.909013134030e+03 
       7.534587669814e-02       9.483778178015e+03 
       7.821907664495e-02       9.029487920430e+03 
       8.114203771084e-02       8.552324703584e+03 
       8.412184533139e-02       8.061935370118e+03 
       8.716512277352e-02       7.570776718429e+03 
       9.027813693913e-02       7.092505198070e+03 
       9.346688429613e-02       6.640521540368e+03 
       9.673716026122e-02       6.226704124867e+03 
       1.000946150608e-01       5.859942401186e+03 
       1.035447986307e-01       5.545247561846e+03 
       1.070931966524e-01       5.283149304750e+03 
       1.107452594180e-01       5.069419942890e+03 
       1.145064248899e-01       4.895250108624e+03 
       1.183821370656e-01       4.747871905767e+03 
       1.223778605591e-01       4.611741513588e+03 
       1.264990921707e-01       4.470618003939e+03 
       1.307513701078e-01       4.310273869423e+03 
       1.351402814485e-01       4.121384865407e+03 
       1.396714683894e-01       3.902048866158e+03 
       1.443506337875e-01       3.658642393573e+03 
       1.491835464900e-01       3.404478045702e+03 
       1.541760469368e-01       3.156673118348e+03 
       1.593340535209e-01       2.931983466771e+03 
       1.646635701934e-01       2.742375860492e+03 
       1.701706958081e-01       2.592257691070e+03 
       1.758616357070e-01       2.477242858448e+03 
       1.817427160581e-01       2.385182578202e+03 
       1.878204014651e-01       2.300364602867e+03 
       1.941013163855e-01       2.205760583117e+03 
       2.005922709060e-01       2.090822646846e+03 
       2.073002914514e-01       1.956468956249e+03 
       2.142326570343e-01       1.814188823426e+03 
       2.213969417044e-01       1.679292841373e+03 
       2.288010639201e-01       1.563847624590e+03 
       2.364533436625e-01       1.472686467014e+03 
       2.443625682390e-01       1.401512935203e+03 
       2.525380678946e-01       1.338413610339e+03 
       2.609898025770e-01       1.270900548363e+03 
       2.697284614969e-01       1.193378411258e+03 
       2.787655775073e-01       1.109338875189e+03 
       2.881136588192e-01       1.028771649882e+03 
       2.977863412019e-01       9.604824529217e+02 
       3.077985646248e-01       9.050252269548e+02 
       3.181667793367e-01       8.561456332256e+02 
       3.289091877084e-01       8.061899907545e+02 
       3.400460298905e-01       7.523925563747e+02 
       3.515999235695e-01       6.989230092044e+02 
       3.635962710278e-01       6.510641248996e+02 
       3.760637505499e-01       6.101225168319e+02 
       3.890349143014e-01       5.721314636881e+02 
       4.025469215929e-01       5.337819878921e+02 
       4.166424455447e-01       4.956332590710e+02 
       4.313708034899e-01       4.604693136280e+02 
       4.467893781976e-01       4.287782539720e+02 
       4.629654198623e-01       3.987739589909e+02 
       4.799783500912e-01       3.692418688395e+02 
       4.979227318246e-01       3.412401826031e+02 
       5.169121269689e-01       3.154832693043e+02 
       5.370841403262e-01       2.908350965683e+02 
       5.586070463286e-01       2.671064701700e+02 
       5.816885093582e-01       2.448102337972e+02 
       6.065870143577e-01       2.235682865351e+02 
       6.336266466978e-01       2.032105819875e+02 
       6.632156057925e-01       1.838791647025e+02 
       6.958678637575e-01       1.653553754738e+02 
       7.322247983784e-01       1.476955398945e+02 
       7.730680193171e-01       1.308336452945e+02 
       8.193049551574e-01       1.148309698887e+02 
       8.718988013754e-01       9.976260215867e+01 
       9.317218028590e-01       8.577786832374e+01 
       9.993660906273e-01       7.305485135764e+01 
       1.075037109879e+00       6.173585815098e+01 
       1.158653485387e+00       5.187874710468e+01 
       1.250099156961e+00       4.344031513502e+01 
       1.349432400897e+00       3.628951004568e+01 
       1.456947456991e+00       3.026811601662e+01 
       1.573135110893e+00       2.521449234749e+01 
       1.698621895119e+00       2.098202918913e+01 
       1.834127512423e+00       1.744235562487e+01 
       1.980444933977e+00       1.448568996707e+01 
       2.138435191130e+00       1.201892642111e+01 
       2.309029198543e+00       9.963115471585e+00 
       2.493232376993e+00       8.251829678133e+00 
       2.692130394536e+00       6.828636532538e+00 
       2.906895533764e+00       5.646243449665e+00 
       3.138793596840e+00       4.664901394473e+00 
       3.389191365541e+00       3.851113275514e+00 
       3.659564656886e+00       3.176949274400e+00 
       3.951507021438e+00       2.618869262795e+00 
       4.266739135513e+00       2.157347064722e+00 
       4.607118942658e+00       1.775925779250e+00 
       4.974652604172e+00       1.460976503071e+00 
       5.371506323193e+00       1.201120941715e+00 
       5.800019112071e+00       9.868745749818e-01 
       6.262716578240e+00       8.103402534673e-01 
       6.762325809881e+00       6.649962844817e-01 
       7.301791449077e+00       5.454084923919e-01 
       7.884293047211e+00       4.470814407213e-01 
       8.513263804891e+00       3.662801372216e-01 
       9.192410806865e+00       2.999210760997e-01 
       9.925736871166e+00       2.454586415953e-01 
       1.071756414128e+01       2.007838450963e-01 
       1.157255956041e+01       1.641583211882e-01 
       1.249576237789e+01       1.341502862153e-01 
       1.349261385000e+01       1.095733269349e-01 
       1.456898931011e+01       8.945639411627e-02 
       1.573123279727e+01       7.299977863808e-02 
       1.698619444729e+01       5.954137250691e-02 
       1.834127086665e+01       4.854211477321e-02 
       1.980444872733e+01       3.955534373891e-02 
       2.138435183937e+01       3.221722676773e-02 
       2.309029197863e+01       2.622673980245e-02 
       2.493232376942e+01       2.133868416445e-02 
       2.692130394533e+01       1.735219236118e-02 
       2.906895533764e+01       1.410187385026e-02 
       3.138793596840e+01       1.145262762887e-02 
       3.389191365541e+01       9.294100393735e-03 
       3.659564656886e+01       7.535988200449e-03 
       3.951507021438e+01       6.104493917996e-03 
       4.266739135513e+01       4.939100943728e-03 
       4.607118942658e+01       3.990638188761e-03 
       4.974652604172e+01       3.218978184702e-03 
       5.371506323193e+01       2.591254568679e-03 
       5.800019112071e+01       2.080730613014e-03 
       6.262716578240e+01       1.665711017364e-03 
       6.762325809881e+01       1.328390832450e-03 
