# Matter power spectrum P(k) at redshift z=0
# for k=1.04775e-05 to 66.1767 h/Mpc,
# number of wavenumbers equal to 130
#    1:k (h/Mpc)              2:P (Mpc/h)^3        
       1.047750691046e-05       5.020964811307e+01 
       1.319039970183e-05       6.270562594779e+01 
       1.660572937635e-05       7.831147247912e+01 
       2.090537469327e-05       9.780108069295e+01 
       2.631830744443e-05       1.221408203809e+02 
       3.313278603720e-05       1.525374501932e+02 
       4.171170630578e-05       1.904975994009e+02 
       5.251192703764e-05       2.379022224249e+02 
       6.610859936996e-05       2.970989227883e+02 
       8.322579568497e-05       3.710167318946e+02 
       1.047750691046e-04       4.633080766742e+02 
       1.319039970183e-04       5.785234129337e+02 
       1.660572937635e-04       7.223242666092e+02 
       2.090537469327e-04       9.017396271824e+02 
       2.631830744443e-04       1.125468123750e+03 
       3.313278603720e-04       1.404223053681e+03 
       4.171170630578e-04       1.751108028790e+03 
       5.251192703764e-04       2.181998448133e+03 
       6.610859936996e-04       2.715889983592e+03 
       8.322579568497e-04       3.375152337135e+03 
       1.047750691046e-03       4.185552174305e+03 
       1.319039970183e-03       5.175742738837e+03 
       1.660572937635e-03       6.376123051794e+03 
       2.090537469327e-03       7.815671866273e+03 
       2.631830744443e-03       9.517783069110e+03 
       3.313278603720e-03       1.149357460342e+04 
       4.171170630578e-03       1.373266012026e+04 
       5.251192703764e-03       1.619063614301e+04 
       6.610859936996e-03       1.877460422889e+04 
       8.322579568497e-03       2.132606951830e+04 
       1.047750691046e-02       2.360548416139e+04 
       1.319039970183e-02       2.528218665089e+04 
       1.660572937633e-02       2.595027643932e+04 
       2.090537453514e-02       2.520934779612e+04 
       2.631818545635e-02       2.287035157049e+04 
       3.311571692125e-02       1.928622685143e+04 
       4.113809243311e-02       1.568426930526e+04 
       4.792590854610e-02       1.361063265604e+04 
       5.284436902701e-02       1.259132512881e+04 
       5.689644391095e-02       1.195556072925e+04 
       6.051252627066e-02       1.147546371253e+04 
       6.388413457411e-02       1.105591997866e+04 
       6.711249296401e-02       1.064896824016e+04 
       7.025823437965e-02       1.022931490901e+04 
       7.336115587705e-02       9.784512384789e+03 
       7.644928796912e-02       9.311644512407e+03 
       7.954353299775e-02       8.814570723512e+03 
       8.266024078725e-02       8.302148283048e+03 
       8.581273398637e-02       7.786941009180e+03 
       8.901225918437e-02       7.283231758561e+03 
       9.226860540985e-02       6.805225402195e+03 
       9.559052048996e-02       6.365682195114e+03 
       9.898599946599e-02       5.974365976742e+03 
       1.024624891378e-01       5.637377911578e+03 
       1.060270359164e-01       5.355797580229e+03 
       1.096863943056e-01       5.126270192355e+03 
       1.134471073830e-01       4.940513314847e+03 
       1.173155669539e-01       4.786184624213e+03 
       1.212980586983e-01       4.647955804744e+03 
       1.254007961065e-01       4.509139824771e+03 
       1.296299459934e-01       4.354567878974e+03 
       1.339916477160e-01       4.173242259477e+03 
       1.384920277736e-01       3.961173939436e+03 
       1.431372111762e-01       3.722698457179e+03 
       1.479333307714e-01       3.469555428032e+03 
       1.528865355934e-01       3.218333099568e+03 
       1.580029992204e-01       2.986274729321e+03 
       1.632889290723e-01       2.786961093528e+03 
       1.687505775527e-01       2.626816577090e+03 
       1.743942559171e-01       2.503771991822e+03 
       1.802263517371e-01       2.407322555894e+03 
       1.862533508214e-01       2.322236772814e+03 
       1.924818644494e-01       2.231551770057e+03 
       1.989186627765e-01       2.122175160829e+03 
       2.055707152847e-01       1.992019780048e+03 
       2.124452391818e-01       1.850314713413e+03 
       2.195497567139e-01       1.712160087443e+03 
       2.268921624510e-01       1.590971377416e+03 
       2.344808017550e-01       1.493662031442e+03 
       2.423245618548e-01       1.418311438791e+03 
       2.504329772620e-01       1.354458742975e+03 
       2.588163516754e-01       1.288926417498e+03 
       2.674858990930e-01       1.213923945325e+03 
       2.764539076010e-01       1.130696357051e+03 
       2.857339303080e-01       1.048090984654e+03 
       2.953410092148e-01       9.761733292872e+02 
       3.052919395542e-01       9.178049981960e+02 
       3.156055844677e-01       8.678949252208e+02 
       3.263032530092e-01       8.185191693981e+02 
       3.374091587054e-01       7.651416768133e+02 
       3.489509817175e-01       7.106663250355e+02 
       3.609605657343e-01       6.607815505848e+02 
       3.734747921333e-01       6.180883622171e+02 
       3.865366902904e-01       5.793026377645e+02 
       4.001968667448e-01       5.403869305970e+02 
       4.145153713076e-01       5.011482200086e+02 
       4.295641718077e-01       4.644940609029e+02 
       4.454304922144e-01       4.314052045986e+02 
       4.622214006969e-01       4.001118003298e+02 
       4.800702491654e-01       3.690874566323e+02 
       4.991459272112e-01       3.394756800551e+02 
       5.196665217302e-01       3.119809489791e+02 
       5.419201087032e-01       2.852419557903e+02 
       5.662975451962e-01       2.593266083800e+02 
       5.933463737275e-01       2.345442539869e+02 
       6.238638458458e-01       2.102288359915e+02 
       6.590669257916e-01       1.864316890269e+02 
       7.009246080454e-01       1.627239445143e+02 
       7.528593308799e-01       1.388174261603e+02 
       8.213469537518e-01       1.141877342729e+02 
       9.196980813302e-01       8.835847299417e+01 
       1.075112183810e+00       6.172577289997e+01 
       1.322697471132e+00       3.804287848370e+01 
       1.662328205042e+00       2.209782810049e+01 
       2.092692408506e+00       1.266901144951e+01 
       2.634543445090e+00       7.203216873594e+00 
       3.316693691389e+00       4.065087303997e+00 
       4.175469971226e+00       2.278576167416e+00 
       5.256605252960e+00       1.269317131858e+00 
       6.617673932723e+00       7.030964697004e-01 
       8.331157880872e+00       3.874488336498e-01 
       1.048830636590e+01       2.124830330203e-01 
       1.320399541071e+01       1.160106590085e-01 
       1.662284535976e+01       6.307375946898e-02 
       2.092692243973e+01       3.415434157106e-02 
       2.634543445002e+01       1.842062416021e-02 
       3.316693691389e+01       9.892922268963e-03 
       4.175469971226e+01       5.286870765355e-03 
       5.256605252960e+01       2.806740871101e-03 
       6.617673932723e+01       1.474806164000e-03 
