# Matter power spectrum P(k) at redshift z=99
# for k=1.04775e-05 to 67.6233 h/Mpc,
# number of wavenumbers equal to 246
#    1:k (h/Mpc)              2:P (Mpc/h)^3        
       1.047750691046e-05       7.261927680861e-03 
       1.131335172503e-05       7.820331652431e-03 
       1.221587619537e-05       8.421675995453e-03 
       1.319039970183e-05       9.069258201848e-03 
       1.424266597921e-05       9.766638412133e-03 
       1.537887696968e-05       1.051764070801e-02 
       1.660572937635e-05       1.132639106725e-02 
       1.793045413292e-05       1.219733232715e-02 
       1.936085902198e-05       1.313524225779e-02 
       2.090537469327e-05       1.414527123399e-02 
       2.257310435294e-05       1.523296273823e-02 
       2.437387741694e-05       1.640429446288e-02 
       2.631830744443e-05       1.766569584058e-02 
       2.841785469300e-05       1.902408737005e-02 
       3.068489366414e-05       2.048692972772e-02 
       3.313278603720e-05       2.206225515942e-02 
       3.577595942169e-05       2.375870707438e-02 
       3.862999239199e-05       2.558560730202e-02 
       4.171170630578e-05       2.755297766277e-02 
       4.503926444729e-05       2.967161930474e-02 
       4.863227907969e-05       3.195316454233e-02 
       5.251192703764e-05       3.441013522947e-02 
       5.670107454120e-05       3.705601726464e-02 
       6.122441196689e-05       3.990533417797e-02 
       6.610859936996e-05       4.297372172777e-02 
       7.138242361596e-05       4.627802146614e-02 
       7.707696804727e-05       4.983636199464e-02 
       8.322579568497e-05       5.366826852944e-02 
       8.986514704559e-05       5.779476400721e-02 
       9.703415373875e-05       6.223848250510e-02 
       1.047750691046e-04       6.702379872774e-02 
       1.131335172503e-04       7.217695161063e-02 
       1.221587619537e-04       7.772619081846e-02 
       1.319039970183e-04       8.370193441286e-02 
       1.424266597921e-04       9.013692517140e-02 
       1.537887696968e-04       9.706641252902e-02 
       1.660572937635e-04       1.045283355384e-01 
       1.793045413292e-04       1.125635350266e-01 
       1.936085902198e-04       1.212159616259e-01 
       2.090537469327e-04       1.305329134104e-01 
       2.257310435294e-04       1.405652847711e-01 
       2.437387741694e-04       1.513678304151e-01 
       2.631830744443e-04       1.629994506605e-01 
       2.841785469300e-04       1.755234923092e-01 
       3.068489366414e-04       1.890080672425e-01 
       3.313278603720e-04       2.035264004601e-01 
       3.577595942169e-04       2.191571806013e-01 
       3.862999239199e-04       2.359849440103e-01 
       4.171170630578e-04       2.541004744243e-01 
       4.503926444729e-04       2.736012083189e-01 
       4.863227907969e-04       2.945916794099e-01 
       5.251192703764e-04       3.171839528557e-01 
       5.670107454121e-04       3.414980767635e-01 
       6.122441196689e-04       3.676625417011e-01 
       6.610859936996e-04       3.958147256513e-01 
       7.138242361596e-04       4.261013289361e-01 
       7.707696804727e-04       4.586787797352e-01 
       8.322579568497e-04       4.937136006296e-01 
       8.986514704559e-04       5.313826807049e-01 
       9.703415373875e-04       5.718734978233e-01 
       1.047750691046e-03       6.153841636040e-01 
       1.131335172503e-03       6.621233246495e-01 
       1.221587619537e-03       7.123098227996e-01 
       1.319039970183e-03       7.661720592624e-01 
       1.424266597921e-03       8.239546306462e-01 
       1.537887696968e-03       8.859011182851e-01 
       1.660572937635e-03       9.522588016481e-01 
       1.793045413292e-03       1.023280100902e+00 
       1.936085902198e-03       1.099216305740e+00 
       2.090537469327e-03       1.180312991699e+00 
       2.257310435294e-03       1.266804117180e+00 
       2.437387741694e-03       1.358904854833e+00 
       2.631830744443e-03       1.456802684686e+00 
       2.841785469300e-03       1.560646892157e+00 
       3.068489366414e-03       1.670536064245e+00 
       3.313278603720e-03       1.786503854041e+00 
       3.577595942169e-03       1.908502932770e+00 
       3.862999239199e-03       2.036387732816e+00 
       4.171170630578e-03       2.169896195036e+00 
       4.503926444729e-03       2.308631881359e+00 
       4.863227907969e-03       2.452047293460e+00 
       5.251192703764e-03       2.599430630722e+00 
       5.670107454120e-03       2.749896934614e+00 
       6.122441196689e-03       2.902386516274e+00 
       6.610859936996e-03       3.055668705121e+00 
       7.138242361596e-03       3.208356464658e+00 
       7.707696804727e-03       3.358923896117e+00 
       8.322579568496e-03       3.505725598368e+00 
       8.986514704559e-03       3.647009609047e+00 
       9.703415373875e-03       3.780923307769e+00 
       1.047750691046e-02       3.905491141260e+00 
       1.131335172503e-02       4.018587662943e+00 
       1.221587619537e-02       4.117901586450e+00 
       1.319039970183e-02       4.200915453781e+00 
       1.424266597920e-02       4.264942436646e+00 
       1.537887696964e-02       4.307220302136e+00 
       1.660572937560e-02       4.325063352143e+00 
       1.793045412207e-02       4.316057937736e+00 
       1.936085889642e-02       4.278228249979e+00 
       2.090537351881e-02       4.210202623121e+00 
       2.257309534705e-02       4.111422563969e+00 
       2.437382002240e-02       3.982427714109e+00 
       2.631799943729e-02       3.825168683425e+00 
       2.841644544598e-02       3.643275932182e+00 
       3.067933354524e-02       3.442194518542e+00 
       3.311368469821e-02       3.229232337772e+00 
       3.571840442514e-02       3.013517728577e+00 
       3.847720347390e-02       2.805270249621e+00 
       4.135335537314e-02       2.614408130822e+00 
       4.429361666563e-02       2.448142299043e+00 
       4.724366437916e-02       2.309238842871e+00 
       5.016480834039e-02       2.196108685946e+00 
       5.303989618930e-02       2.104366295438e+00 
       5.586870668205e-02       2.028468820570e+00 
       5.866042679206e-02       1.963153917596e+00 
       6.142798931504e-02       1.903781295160e+00 
       6.418496438662e-02       1.846478605671e+00 
       6.694418832236e-02       1.788197305683e+00 
       6.971731104453e-02       1.726715586885e+00 
       7.251476154108e-02       1.660654558270e+00 
       7.534587669814e-02       1.589470615343e+00 
       7.821907664495e-02       1.513442602407e+00 
       8.114203771084e-02       1.433571473393e+00 
       8.412184533139e-02       1.351494785201e+00 
       8.716512277352e-02       1.269271504949e+00 
       9.027813693913e-02       1.189196178916e+00 
       9.346688429613e-02       1.113501987785e+00 
       9.673716026122e-02       1.044176568131e+00 
       1.000946150608e-01       9.827076104891e-01 
       1.035447986307e-01       9.299388707452e-01 
       1.070931966524e-01       8.859607375299e-01 
       1.107452594180e-01       8.500714945130e-01 
       1.145064248899e-01       8.208034541597e-01 
       1.183821370656e-01       7.960275000791e-01 
       1.223778605591e-01       7.731480527865e-01 
       1.264990921707e-01       7.494527714980e-01 
       1.307513701078e-01       7.225580706267e-01 
       1.351402814485e-01       6.909089185157e-01 
       1.396714683894e-01       6.541817778907e-01 
       1.443506337875e-01       6.134263437891e-01 
       1.491835464900e-01       5.708674633799e-01 
       1.541760469368e-01       5.293644395057e-01 
       1.593340535209e-01       4.917110322794e-01 
       1.646635701934e-01       4.599200402245e-01 
       1.701706958081e-01       4.347286222109e-01 
       1.758616357070e-01       4.154080869562e-01 
       1.817427160581e-01       3.999371143476e-01 
       1.878204014651e-01       3.856824931027e-01 
       1.941013163855e-01       3.698103260455e-01 
       2.005922709060e-01       3.505456135645e-01 
       2.073002914514e-01       3.280422430112e-01 
       2.142326570343e-01       3.042144855681e-01 
       2.213969417044e-01       2.816124239009e-01 
       2.288010639201e-01       2.622575883696e-01 
       2.364533436625e-01       2.469615831024e-01 
       2.443625682390e-01       2.350128084525e-01 
       2.525380678946e-01       2.244182416523e-01 
       2.609898025770e-01       2.130941101779e-01 
       2.697284614969e-01       2.001013995990e-01 
       2.787655775073e-01       1.860203638655e-01 
       2.881136588192e-01       1.725176615010e-01 
       2.977863412019e-01       1.610662362182e-01 
       3.077985646248e-01       1.517611231507e-01 
       3.181667793367e-01       1.435596254222e-01 
       3.289091877084e-01       1.351815543765e-01 
       3.400460298905e-01       1.261642699222e-01 
       3.515999235695e-01       1.172024081222e-01 
       3.635962710278e-01       1.091770474355e-01 
       3.760637505499e-01       1.023097195342e-01 
       3.890349143014e-01       9.593764757127e-02 
       4.025469215929e-01       8.950740151932e-02 
       4.166424455447e-01       8.311174681576e-02 
       4.313708034899e-01       7.721565330605e-02 
       4.467893781976e-01       7.190053926155e-02 
       4.629654198623e-01       6.686907527805e-02 
       4.799783500912e-01       6.191757560251e-02 
       4.979227318246e-01       5.722235709846e-02 
       5.169121269689e-01       5.290284478989e-02 
       5.370841403262e-01       4.876983157740e-02 
       5.586070463286e-01       4.479078934010e-02 
       5.816885093582e-01       4.105196776216e-02 
       6.065870143577e-01       3.748993447976e-02 
       6.336266466978e-01       3.407628624888e-02 
       6.632156057925e-01       3.083463018013e-02 
       6.958678637575e-01       2.772837872024e-02 
       7.322247983784e-01       2.476709880849e-02 
       7.730680193171e-01       2.193964537939e-02 
       8.193049551574e-01       1.925610986320e-02 
       8.718988013754e-01       1.672928146990e-02 
       9.317218028590e-01       1.438423286866e-02 
       9.993660906273e-01       1.225070369133e-02 
       1.075037109879e+00       1.035260389463e-02 
       1.158653485387e+00       8.699764335109e-03 
       1.250099156961e+00       7.284607788566e-03 
       1.349432400897e+00       6.085465356423e-03 
       1.456947456991e+00       5.075741362837e-03 
       1.573135110893e+00       4.228318398720e-03 
       1.698621895119e+00       3.518552646031e-03 
       1.834127512423e+00       2.924999839155e-03 
       1.980444933977e+00       2.429169651009e-03 
       2.138435191130e+00       2.015513358867e-03 
       2.309029198543e+00       1.670772054565e-03 
       2.493232376993e+00       1.383790946771e-03 
       2.692130394536e+00       1.145132065830e-03 
       2.906895533764e+00       9.468565988404e-04 
       3.138793596840e+00       7.822893716395e-04 
       3.389191365541e+00       6.458242503126e-04 
       3.659564656886e+00       5.327679897365e-04 
       3.951507021438e+00       4.391861774156e-04 
       4.266739135513e+00       3.617906508213e-04 
       4.607118942658e+00       2.978280346635e-04 
       4.974652604172e+00       2.450146743784e-04 
       5.371506323193e+00       2.014359623436e-04 
       5.800019112071e+00       1.655064015206e-04 
       6.262716578240e+00       1.359042678161e-04 
       6.762325809881e+00       1.115298819938e-04 
       7.301791449077e+00       9.147629070262e-05 
       7.884293047211e+00       7.498616222484e-05 
       8.513263804891e+00       6.143616252872e-05 
       9.192410806865e+00       5.030807946510e-05 
       9.925736871166e+00       4.117499677085e-05 
       1.071756414128e+01       3.368372465811e-05 
       1.157255956041e+01       2.754145974770e-05 
       1.249576237789e+01       2.250894634160e-05 
       1.349261385000e+01       1.838752997848e-05 
       1.456898931011e+01       1.501414728987e-05 
       1.573123279727e+01       1.225425432049e-05 
       1.698619444729e+01       9.997577409260e-06 
       1.834127086665e+01       8.153136672573e-06 
       1.980444872733e+01       6.646181033388e-06 
       2.138435183937e+01       5.415667220619e-06 
       2.309029197863e+01       4.411288674209e-06 
       2.493232376942e+01       3.591853496189e-06 
       2.692130394533e+01       2.923518385152e-06 
       2.906895533764e+01       2.378693057575e-06 
       3.138793596840e+01       1.934726239171e-06 
       3.389191365541e+01       1.573076168553e-06 
       3.659564656886e+01       1.278591835997e-06 
       3.951507021438e+01       1.038882031134e-06 
       4.266739135513e+01       8.438237883561e-07 
       4.607118942658e+01       6.851737460405e-07 
       4.974652604172e+01       5.561696610304e-07 
       5.371506323193e+01       4.513041298169e-07 
       5.800019112071e+01       3.660914371082e-07 
       6.262716578240e+01       2.968727903657e-07 
       6.762325809881e+01       2.406613810724e-07 
