# Matter power spectrum P(k) at redshift z=99
# for k=1.04775e-05 to 66.1767 h/Mpc,
# number of wavenumbers equal to 130
#    1:k (h/Mpc)              2:P (Mpc/h)^3        
       1.047750691046e-05       7.261927682060e-03 
       1.319039970183e-05       9.069258203345e-03 
       1.660572937635e-05       1.132639106912e-02 
       2.090537469327e-05       1.414527123633e-02 
       2.631830744443e-05       1.766569584349e-02 
       3.313278603720e-05       2.206225516306e-02 
       4.171170630578e-05       2.755297766731e-02 
       5.251192703764e-05       3.441013523515e-02 
       6.610859936996e-05       4.297372173485e-02 
       8.322579568497e-05       5.366826853827e-02 
       1.047750691046e-04       6.702379873875e-02 
       1.319039970183e-04       8.370193442658e-02 
       1.660572937635e-04       1.045283355555e-01 
       2.090537469327e-04       1.305329134315e-01 
       2.631830744443e-04       1.629994506867e-01 
       3.313278603720e-04       2.035264004922e-01 
       4.171170630578e-04       2.541004744631e-01 
       5.251192703764e-04       3.171839529019e-01 
       6.610859936996e-04       3.958147257047e-01 
       8.322579568497e-04       4.937136006860e-01 
       1.047750691046e-03       6.153841636589e-01 
       1.319039970183e-03       7.661720592600e-01 
       1.660572937635e-03       9.522588016052e-01 
       2.090537469327e-03       1.180312991469e+00 
       2.631830744443e-03       1.456802684035e+00 
       3.313278603720e-03       1.786503852509e+00 
       4.171170630578e-03       2.169896189525e+00 
       5.251192703764e-03       2.599430623814e+00 
       6.610859936996e-03       3.055668691015e+00 
       8.322579568497e-03       3.505725571767e+00 
       1.047750691046e-02       3.905491386246e+00 
       1.319039970183e-02       4.200915219588e+00 
       1.660572937633e-02       4.325061963887e+00 
       2.090537453514e-02       4.210202080891e+00 
       2.631818545635e-02       3.825156757535e+00 
       3.311571692125e-02       3.229061366951e+00 
       4.113809243311e-02       2.627730881900e+00 
       4.792590854610e-02       2.280788735066e+00 
       5.284436902701e-02       2.110085526569e+00 
       5.689644391095e-02       2.003535199841e+00 
       6.051252627066e-02       1.923056961070e+00 
       6.388413457411e-02       1.852731373627e+00 
       6.711249296401e-02       1.784562346855e+00 
       7.025823437965e-02       1.714274143738e+00 
       7.336115587705e-02       1.639814462299e+00 
       7.644928796912e-02       1.560656924893e+00 
       7.954353299775e-02       1.477452503923e+00 
       8.266024078725e-02       1.391692689234e+00 
       8.581273398637e-02       1.305457329146e+00 
       8.901225918437e-02       1.221122034710e+00 
       9.226860540985e-02       1.141075929390e+00 
       9.559052048996e-02       1.067450615452e+00 
       9.898599946599e-02       1.001886733030e+00 
       1.024624891378e-01       9.453772844008e-01 
       1.060270359164e-01       8.981447106177e-01 
       1.096863943056e-01       8.596087497418e-01 
       1.134471073830e-01       8.283993123617e-01 
       1.173155669539e-01       8.024610397345e-01 
       1.212980586983e-01       7.792210640366e-01 
       1.254007961065e-01       7.559109307358e-01 
       1.296299459934e-01       7.299764866887e-01 
       1.339916477160e-01       6.995856420035e-01 
       1.384920277736e-01       6.640709983560e-01 
       1.431372111762e-01       6.241393028171e-01 
       1.479333307714e-01       5.817552913853e-01 
       1.528865355934e-01       5.396802993046e-01 
       1.580029992204e-01       5.008026426768e-01 
       1.632889290723e-01       4.673874346367e-01 
       1.687505775527e-01       4.405231072285e-01 
       1.743942559171e-01       4.198535369267e-01 
       1.802263517371e-01       4.036462389432e-01 
       1.862533508214e-01       3.893483184417e-01 
       1.924818644494e-01       3.741260694740e-01 
       1.989186627765e-01       3.557928112726e-01 
       2.055707152847e-01       3.339880223681e-01 
       2.124452391818e-01       3.102495614992e-01 
       2.195497567139e-01       2.871059047490e-01 
       2.268921624510e-01       2.667908655669e-01 
       2.344808017550e-01       2.504655462598e-01 
       2.423245618548e-01       2.378154043080e-01 
       2.504329772620e-01       2.270925443687e-01 
       2.588163516754e-01       2.160990115770e-01 
       2.674858990930e-01       2.035255638836e-01 
       2.764539076010e-01       1.895754921895e-01 
       2.857339303080e-01       1.757341934322e-01 
       2.953410092148e-01       1.636749609571e-01 
       3.052919395542e-01       1.538812305581e-01 
       3.156055844677e-01       1.455042040234e-01 
       3.263032530092e-01       1.372232326294e-01 
       3.374091587054e-01       1.282730542594e-01 
       3.489509817175e-01       1.191413771016e-01 
       3.609605657343e-01       1.107764249239e-01 
       3.734747921333e-01       1.036126892273e-01 
       3.865366902904e-01       9.710771109668e-02 
       4.001968667448e-01       9.058021466700e-02 
       4.145153713076e-01       8.400041973473e-02 
       4.295641718077e-01       7.785263969552e-02 
       4.454304922144e-01       7.230186749157e-02 
       4.622214006969e-01       6.705191306002e-02 
       4.800702491654e-01       6.184822516792e-02 
       4.991459272112e-01       5.688064029036e-02 
       5.196665217302e-01       5.226816794095e-02 
       5.419201087032e-01       4.778206041587e-02 
       5.662975451962e-01       4.343359420141e-02 
       5.933463737275e-01       3.927487712754e-02 
       6.238638458458e-01       3.519380391097e-02 
       6.590669257916e-01       3.119932619266e-02 
       7.009246080454e-01       2.721898996597e-02 
       7.528593308799e-01       2.320420733026e-02 
       8.213469537518e-01       1.906616773354e-02 
       9.196980813302e-01       1.472356663559e-02 
       1.075112183810e+00       1.023950656957e-02 
       1.322697471132e+00       6.239980848035e-03 
       1.662328205042e+00       3.529809931350e-03 
       2.092692408506e+00       1.908300343895e-03 
       2.634543445090e+00       9.535463744426e-04 
       3.316693691389e+00       4.038000826363e-04 
       4.175469971226e+00       1.146778388302e-04 
       5.256605252960e+00       6.831661575259e-06 
       6.617673932723e+00       1.224188088522e-05 
       8.331157880872e+00       3.814471412407e-05 
       1.048830636590e+01       1.918087243922e-05 
       1.320399541071e+01       2.555710746899e-09 
       1.662284535976e+01       4.218735665176e-06 
       2.092692243973e+01       4.080391925351e-09 
       2.634543445002e+01       2.242835794557e-07 
       3.316693691389e+01       3.448520128868e-08 
       4.175469971226e+01       1.465004239532e-09 
       5.256605252960e+01       2.904674221356e-11 
       6.617673932723e+01       3.733485917996e-14 
