# Matter power spectrum P(k) at redshift z=0
# for k=1.04775e-05 to 66.1767 h/Mpc,
# number of wavenumbers equal to 130
#    1:k (h/Mpc)              2:P (Mpc/h)^3        
       1.047750691046e-05       5.020964811308e+01 
       1.319039970183e-05       6.270562594788e+01 
       1.660572937635e-05       7.831147247911e+01 
       2.090537469327e-05       9.780108069298e+01 
       2.631830744443e-05       1.221408203809e+02 
       3.313278603720e-05       1.525374501932e+02 
       4.171170630578e-05       1.904975994010e+02 
       5.251192703764e-05       2.379022224249e+02 
       6.610859936996e-05       2.970989227881e+02 
       8.322579568497e-05       3.710167318946e+02 
       1.047750691046e-04       4.633080766742e+02 
       1.319039970183e-04       5.785234129335e+02 
       1.660572937635e-04       7.223242666092e+02 
       2.090537469327e-04       9.017396271824e+02 
       2.631830744443e-04       1.125468123750e+03 
       3.313278603720e-04       1.404223053681e+03 
       4.171170630578e-04       1.751108028790e+03 
       5.251192703764e-04       2.181998448133e+03 
       6.610859936996e-04       2.715889983592e+03 
       8.322579568497e-04       3.375152337134e+03 
       1.047750691046e-03       4.185552174306e+03 
       1.319039970183e-03       5.175742740365e+03 
       1.660572937635e-03       6.376123051780e+03 
       2.090537469327e-03       7.815671905051e+03 
       2.631830744443e-03       9.517783069113e+03 
       3.313278603720e-03       1.149357460345e+04 
       4.171170630578e-03       1.373266008871e+04 
       5.251192703764e-03       1.619063614558e+04 
       6.610859936996e-03       1.877460422317e+04 
       8.322579568497e-03       2.132607231893e+04 
       1.047750691046e-02       2.360548463636e+04 
       1.319039970183e-02       2.528218822622e+04 
       1.660572937633e-02       2.595027897600e+04 
       2.090537453514e-02       2.520937599199e+04 
       2.631818545635e-02       2.287032974963e+04 
       3.311571692125e-02       1.928624237933e+04 
       4.113809243311e-02       1.568427219881e+04 
       4.792590854610e-02       1.361063176501e+04 
       5.284436902701e-02       1.259131060264e+04 
       5.689644391095e-02       1.195556081364e+04 
       6.051252627066e-02       1.147549202079e+04 
       6.388413457411e-02       1.105587481378e+04 
       6.711249296401e-02       1.064901774198e+04 
       7.025823437965e-02       1.022930757810e+04 
       7.336115587705e-02       9.784532902312e+03 
       7.644928796912e-02       9.311669470723e+03 
       7.954353299775e-02       8.814550770763e+03 
       8.266024078725e-02       8.302115502552e+03 
       8.581273398637e-02       7.786959575336e+03 
       8.901225918437e-02       7.283166740526e+03 
       9.226860540985e-02       6.805152604840e+03 
       9.559052048996e-02       6.365643660387e+03 
       9.898599946599e-02       5.974409270371e+03 
       1.024624891378e-01       5.637315920379e+03 
       1.060270359164e-01       5.355771051217e+03 
       1.096863943056e-01       5.126243922777e+03 
       1.134471073830e-01       4.940483878343e+03 
       1.173155669539e-01       4.786177402433e+03 
       1.212980586983e-01       4.647934410669e+03 
       1.254007961065e-01       4.509145166758e+03 
       1.296299459934e-01       4.354547398578e+03 
       1.339916477160e-01       4.173218261135e+03 
       1.384920277736e-01       3.961159210036e+03 
       1.431372111762e-01       3.722682905732e+03 
       1.479333307714e-01       3.469550388952e+03 
       1.528865355934e-01       3.218343989578e+03 
       1.580029992204e-01       2.986295626835e+03 
       1.632889290723e-01       2.786965605755e+03 
       1.687505775527e-01       2.626824802558e+03 
       1.743942559171e-01       2.503751206528e+03 
       1.802263517371e-01       2.407342846312e+03 
       1.862533508214e-01       2.322246592911e+03 
       1.924818644494e-01       2.231552650901e+03 
       1.989186627765e-01       2.122190892573e+03 
       2.055707152847e-01       1.992026757071e+03 
       2.124452391818e-01       1.850323619660e+03 
       2.195497567139e-01       1.712180927488e+03 
       2.268921624510e-01       1.590988848043e+03 
       2.344808017550e-01       1.493670488670e+03 
       2.423245618548e-01       1.418312541476e+03 
       2.504329772620e-01       1.354470925685e+03 
       2.588163516754e-01       1.288939825248e+03 
       2.674858990930e-01       1.213932926724e+03 
       2.764539076010e-01       1.130693323679e+03 
       2.857339303080e-01       1.048099235487e+03 
       2.953410092148e-01       9.761817620966e+02 
       3.052919395542e-01       9.178084664452e+02 
       3.156055844677e-01       8.678960768064e+02 
       3.263032530092e-01       8.185279829101e+02 
       3.374091587054e-01       7.651459649091e+02 
       3.489509817175e-01       7.106716365826e+02 
       3.609605657343e-01       6.607855279509e+02 
       3.734747921333e-01       6.180848102425e+02 
       3.865366902904e-01       5.793117863296e+02 
       4.001968667448e-01       5.403897732456e+02 
       4.145153713076e-01       5.011494621170e+02 
       4.295641718077e-01       4.644997173178e+02 
       4.454304922144e-01       4.314085930105e+02 
       4.622214006969e-01       4.001130388810e+02 
       4.800702491654e-01       3.690883807864e+02 
       4.991459272112e-01       3.394765262534e+02 
       5.196665217302e-01       3.119848965366e+02 
       5.419201087032e-01       2.852465283663e+02 
       5.662975451962e-01       2.593309881911e+02 
       5.933463737275e-01       2.345478574728e+02 
       6.238638458458e-01       2.102307083629e+02 
       6.590669257916e-01       1.864335468858e+02 
       7.009246080454e-01       1.627249101197e+02 
       7.528593308799e-01       1.388186001734e+02 
       8.213469537518e-01       1.141881086956e+02 
       9.196980813302e-01       8.835935862482e+01 
       1.075112183810e+00       6.172600886801e+01 
       1.322697471132e+00       3.804281783583e+01 
       1.662328205042e+00       2.209796776617e+01 
       2.092692408506e+00       1.266921875462e+01 
       2.634543445090e+00       7.203351050260e+00 
       3.316693691389e+00       4.065122771185e+00 
       4.175469971226e+00       2.278600637397e+00 
       5.256605252960e+00       1.269343603322e+00 
       6.617673932723e+00       7.031323906749e-01 
       8.331157880872e+00       3.874773203171e-01 
       1.048830636590e+01       2.125104403471e-01 
       1.320399541071e+01       1.160362672860e-01 
       1.662284535976e+01       6.309873345654e-02 
       2.092692243973e+01       3.417954963746e-02 
       2.634543445002e+01       1.844587082971e-02 
       3.316693691389e+01       9.919136171397e-03 
       4.175469971226e+01       5.314578630665e-03 
       5.256605252960e+01       2.836637176755e-03 
       6.617673932723e+01       1.507630090186e-03 
