# Matter power spectrum P(k) at redshift z=99
# for k=1.04775e-05 to 66.1767 h/Mpc,
# number of wavenumbers equal to 130
#    1:k (h/Mpc)              2:P (Mpc/h)^3        
       1.047750691046e-05       7.261927680862e-03 
       1.319039970183e-05       9.069258201849e-03 
       1.660572937635e-05       1.132639106725e-02 
       2.090537469327e-05       1.414527123399e-02 
       2.631830744443e-05       1.766569584058e-02 
       3.313278603720e-05       2.206225515942e-02 
       4.171170630578e-05       2.755297766277e-02 
       5.251192703764e-05       3.441013522947e-02 
       6.610859936996e-05       4.297372172778e-02 
       8.322579568497e-05       5.366826852944e-02 
       1.047750691046e-04       6.702379872775e-02 
       1.319039970183e-04       8.370193441286e-02 
       1.660572937635e-04       1.045283355384e-01 
       2.090537469327e-04       1.305329134104e-01 
       2.631830744443e-04       1.629994506605e-01 
       3.313278603720e-04       2.035264004601e-01 
       4.171170630578e-04       2.541004744243e-01 
       5.251192703764e-04       3.171839528557e-01 
       6.610859936996e-04       3.958147256513e-01 
       8.322579568497e-04       4.937136006267e-01 
       1.047750691046e-03       6.153841636041e-01 
       1.319039970183e-03       7.661720592609e-01 
       1.660572937635e-03       9.522588016482e-01 
       2.090537469327e-03       1.180312991699e+00 
       2.631830744443e-03       1.456802684686e+00 
       3.313278603720e-03       1.786503854043e+00 
       4.171170630578e-03       2.169896194142e+00 
       5.251192703764e-03       2.599430630721e+00 
       6.610859936996e-03       3.055668715122e+00 
       8.322579568497e-03       3.505725598699e+00 
       1.047750691046e-02       3.905491003376e+00 
       1.319039970183e-02       4.200915337198e+00 
       1.660572937633e-02       4.325063597316e+00 
       2.090537453514e-02       4.210201982993e+00 
       2.631818545635e-02       3.825150420242e+00 
       3.311571692125e-02       3.229068853755e+00 
       4.113809243311e-02       2.627739811193e+00 
       4.792590854610e-02       2.280791842027e+00 
       5.284436902701e-02       2.110086175707e+00 
       5.689644391095e-02       2.003538908376e+00 
       6.051252627066e-02       1.923056948604e+00 
       6.388413457411e-02       1.852732573474e+00 
       6.711249296401e-02       1.784568110496e+00 
       7.025823437965e-02       1.714277916541e+00 
       7.336115587705e-02       1.639816141896e+00 
       7.644928796912e-02       1.560663968908e+00 
       7.954353299775e-02       1.477456283864e+00 
       8.266024078725e-02       1.391695924345e+00 
       8.581273398637e-02       1.305462318125e+00 
       8.901225918437e-02       1.221127551473e+00 
       9.226860540985e-02       1.141080300465e+00 
       9.559052048996e-02       1.067450183371e+00 
       9.898599946599e-02       1.001890670337e+00 
       1.024624891378e-01       9.453808398481e-01 
       1.060270359164e-01       8.981502186184e-01 
       1.096863943056e-01       8.596123580038e-01 
       1.134471073830e-01       8.284057331225e-01 
       1.173155669539e-01       8.024669277293e-01 
       1.212980586983e-01       7.792273655142e-01 
       1.254007961065e-01       7.559157980422e-01 
       1.296299459934e-01       7.299823824990e-01 
       1.339916477160e-01       6.995930963849e-01 
       1.384920277736e-01       6.640791666052e-01 
       1.431372111762e-01       6.241459557716e-01 
       1.479333307714e-01       5.817647717534e-01 
       1.528865355934e-01       5.396939095269e-01 
       1.580029992204e-01       5.008142888527e-01 
       1.632889290723e-01       4.673991252747e-01 
       1.687505775527e-01       4.405343183826e-01 
       1.743942559171e-01       4.198653962463e-01 
       1.802263517371e-01       4.036609666560e-01 
       1.862533508214e-01       3.893594033110e-01 
       1.924818644494e-01       3.741346152122e-01 
       1.989186627765e-01       3.558020963430e-01 
       2.055707152847e-01       3.340002455546e-01 
       2.124452391818e-01       3.102670950811e-01 
       2.195497567139e-01       2.871226812517e-01 
       2.268921624510e-01       2.668074585528e-01 
       2.344808017550e-01       2.504834112674e-01 
       2.423245618548e-01       2.378337041802e-01 
       2.504329772620e-01       2.271124039621e-01 
       2.588163516754e-01       2.161172319082e-01 
       2.674858990930e-01       2.035457280102e-01 
       2.764539076010e-01       1.895978122088e-01 
       2.857339303080e-01       1.757573006472e-01 
       2.953410092148e-01       1.636988704298e-01 
       3.052919395542e-01       1.539058878805e-01 
       3.156055844677e-01       1.455311931297e-01 
       3.263032530092e-01       1.372503384281e-01 
       3.374091587054e-01       1.283025466155e-01 
       3.489509817175e-01       1.191714601558e-01 
       3.609605657343e-01       1.108075374839e-01 
       3.734747921333e-01       1.036452325835e-01 
       3.865366902904e-01       9.714133672464e-02 
       4.001968667448e-01       9.061538344807e-02 
       4.145153713076e-01       8.403681207986e-02 
       4.295641718077e-01       7.789117837641e-02 
       4.454304922144e-01       7.234168813874e-02 
       4.622214006969e-01       6.709388863313e-02 
       4.800702491654e-01       6.189180220132e-02 
       4.991459272112e-01       5.692632522585e-02 
       5.196665217302e-01       5.231600083998e-02 
       5.419201087032e-01       4.783252592601e-02 
       5.662975451962e-01       4.348704848219e-02 
       5.933463737275e-01       3.933105380397e-02 
       6.238638458458e-01       3.525336843552e-02 
       6.590669257916e-01       3.126290792632e-02 
       7.009246080454e-01       2.728733984510e-02 
       7.528593308799e-01       2.327845986277e-02 
       8.213469537518e-01       1.914822609813e-02 
       9.196980813302e-01       1.481706184713e-02 
       1.075112183810e+00       1.035092584902e-02 
       1.322697471132e+00       6.379457052180e-03 
       1.662328205042e+00       3.705647970841e-03 
       2.092692408506e+00       2.124512384716e-03 
       2.634543445090e+00       1.207931414072e-03 
       3.316693691389e+00       6.816634395914e-04 
       4.175469971226e+00       3.820637336219e-04 
       5.256605252960e+00       2.127943042509e-04 
       6.617673932723e+00       1.178193455159e-04 
       8.331157880872e+00       6.485282464897e-05 
       1.048830636590e+01       3.547270596844e-05 
       1.320399541071e+01       1.924565405913e-05 
       1.662284535976e+01       1.031070050416e-05 
       2.092692243973e+01       5.395888526263e-06 
       2.634543445002e+01       2.691199410461e-06 
       3.316693691389e+01       1.208634298047e-06 
       4.175469971226e+01       4.244067010659e-07 
       5.256605252960e+01       7.235456374083e-08 
       6.617673932723e+01       2.036359361625e-09 
