# Matter power spectrum P(k) at redshift z=0
# for k=1.04775e-05 to 66.1767 h/Mpc,
# number of wavenumbers equal to 130
#    1:k (h/Mpc)              2:P (Mpc/h)^3        
       1.047750691046e-05       5.020964811307e+01 
       1.319039970183e-05       6.270562594771e+01 
       1.660572937635e-05       7.831147247912e+01 
       2.090537469327e-05       9.780108069296e+01 
       2.631830744443e-05       1.221408203809e+02 
       3.313278603720e-05       1.525374501932e+02 
       4.171170630578e-05       1.904975994010e+02 
       5.251192703764e-05       2.379022224249e+02 
       6.610859936996e-05       2.970989227883e+02 
       8.322579568497e-05       3.710167318946e+02 
       1.047750691046e-04       4.633080766742e+02 
       1.319039970183e-04       5.785234129335e+02 
       1.660572937635e-04       7.223242666092e+02 
       2.090537469327e-04       9.017396271824e+02 
       2.631830744443e-04       1.125468123750e+03 
       3.313278603720e-04       1.404223053681e+03 
       4.171170630578e-04       1.751108028790e+03 
       5.251192703764e-04       2.181998448133e+03 
       6.610859936996e-04       2.715889983592e+03 
       8.322579568497e-04       3.375152337135e+03 
       1.047750691046e-03       4.185552174305e+03 
       1.319039970183e-03       5.175742740651e+03 
       1.660572937635e-03       6.376123051778e+03 
       2.090537469327e-03       7.815671866262e+03 
       2.631830744443e-03       9.517783069112e+03 
       3.313278603720e-03       1.149357460346e+04 
       4.171170630578e-03       1.373266012870e+04 
       5.251192703764e-03       1.619063614547e+04 
       6.610859936996e-03       1.877460417772e+04 
       8.322579568497e-03       2.132606832770e+04 
       1.047750691046e-02       2.360548963963e+04 
       1.319039970183e-02       2.528218983788e+04 
       1.660572937633e-02       2.595028622785e+04 
       2.090537453514e-02       2.520933437173e+04 
       2.631818545635e-02       2.287038727779e+04 
       3.311571692125e-02       1.928625882928e+04 
       4.113809243311e-02       1.568426344421e+04 
       4.792590854610e-02       1.361061705664e+04 
       5.284436902701e-02       1.259127292797e+04 
       5.689644391095e-02       1.195555374081e+04 
       6.051252627066e-02       1.147546722869e+04 
       6.388413457411e-02       1.105587828788e+04 
       6.711249296401e-02       1.064900966040e+04 
       7.025823437965e-02       1.022927441095e+04 
       7.336115587705e-02       9.784512353673e+03 
       7.644928796912e-02       9.311658086431e+03 
       7.954353299775e-02       8.814549619653e+03 
       8.266024078725e-02       8.302122994648e+03 
       8.581273398637e-02       7.786954790456e+03 
       8.901225918437e-02       7.283125545092e+03 
       9.226860540985e-02       6.805160243154e+03 
       9.559052048996e-02       6.365621060153e+03 
       9.898599946599e-02       5.974361948861e+03 
       1.024624891378e-01       5.637347710891e+03 
       1.060270359164e-01       5.355787231139e+03 
       1.096863943056e-01       5.126233508035e+03 
       1.134471073830e-01       4.940472942883e+03 
       1.173155669539e-01       4.786161676361e+03 
       1.212980586983e-01       4.647928580072e+03 
       1.254007961065e-01       4.509144834143e+03 
       1.296299459934e-01       4.354548685911e+03 
       1.339916477160e-01       4.173230100552e+03 
       1.384920277736e-01       3.961175290622e+03 
       1.431372111762e-01       3.722693569001e+03 
       1.479333307714e-01       3.469548999994e+03 
       1.528865355934e-01       3.218338797705e+03 
       1.580029992204e-01       2.986294997285e+03 
       1.632889290723e-01       2.786965553929e+03 
       1.687505775527e-01       2.626824505431e+03 
       1.743942559171e-01       2.503753566590e+03 
       1.802263517371e-01       2.407350213390e+03 
       1.862533508214e-01       2.322250274619e+03 
       1.924818644494e-01       2.231556603148e+03 
       1.989186627765e-01       2.122190891550e+03 
       2.055707152847e-01       1.992024745795e+03 
       2.124452391818e-01       1.850323702026e+03 
       2.195497567139e-01       1.712181184368e+03 
       2.268921624510e-01       1.590985671890e+03 
       2.344808017550e-01       1.493666368255e+03 
       2.423245618548e-01       1.418311352849e+03 
       2.504329772620e-01       1.354464633014e+03 
       2.588163516754e-01       1.288932349116e+03 
       2.674858990930e-01       1.213934606333e+03 
       2.764539076010e-01       1.130693228101e+03 
       2.857339303080e-01       1.048098562922e+03 
       2.953410092148e-01       9.761833232472e+02 
       3.052919395542e-01       9.178074642783e+02 
       3.156055844677e-01       8.678967673266e+02 
       3.263032530092e-01       8.185266656866e+02 
       3.374091587054e-01       7.651451803486e+02 
       3.489509817175e-01       7.106709169022e+02 
       3.609605657343e-01       6.607837874063e+02 
       3.734747921333e-01       6.180856017345e+02 
       3.865366902904e-01       5.793108706388e+02 
       4.001968667448e-01       5.403887190292e+02 
       4.145153713076e-01       5.011489991548e+02 
       4.295641718077e-01       4.644981583110e+02 
       4.454304922144e-01       4.314065902253e+02 
       4.622214006969e-01       4.001143971369e+02 
       4.800702491654e-01       3.690895793309e+02 
       4.991459272112e-01       3.394748950998e+02 
       5.196665217302e-01       3.119854477212e+02 
       5.419201087032e-01       2.852466525095e+02 
       5.662975451962e-01       2.593303274849e+02 
       5.933463737275e-01       2.345464293345e+02 
       6.238638458458e-01       2.102298005883e+02 
       6.590669257916e-01       1.864336759224e+02 
       7.009246080454e-01       1.627243908752e+02 
       7.528593308799e-01       1.388182934998e+02 
       8.213469537518e-01       1.141879414897e+02 
       9.196980813302e-01       8.835892634139e+01 
       1.075112183810e+00       6.172613515075e+01 
       1.322697471132e+00       3.804270796228e+01 
       1.662328205042e+00       2.209792805894e+01 
       2.092692408506e+00       1.266908372527e+01 
       2.634543445090e+00       7.203295658965e+00 
       3.316693691389e+00       4.065145434411e+00 
       4.175469971226e+00       2.278606516602e+00 
       5.256605252960e+00       1.269338813542e+00 
       6.617673932723e+00       7.031268417207e-01 
       8.331157880872e+00       3.874759492519e-01 
       1.048830636590e+01       2.125083089460e-01 
       1.320399541071e+01       1.160357911536e-01 
       1.662284535976e+01       6.309783722132e-02 
       2.092692243973e+01       3.417869797025e-02 
       2.634543445002e+01       1.844505674021e-02 
       3.316693691389e+01       9.918335552987e-03 
       4.175469971226e+01       5.313803651905e-03 
       5.256605252960e+01       2.835941996839e-03 
       6.617673932723e+01       1.506956264920e-03 
