# Matter power spectrum P(k) at redshift z=99
# for k=1.04775e-05 to 66.1767 h/Mpc,
# number of wavenumbers equal to 130
#    1:k (h/Mpc)              2:P (Mpc/h)^3        
       1.047750691046e-05       7.261927680888e-03 
       1.319039970183e-05       9.069258201881e-03 
       1.660572937635e-05       1.132639106729e-02 
       2.090537469327e-05       1.414527123404e-02 
       2.631830744443e-05       1.766569584064e-02 
       3.313278603720e-05       2.206225515950e-02 
       4.171170630578e-05       2.755297766287e-02 
       5.251192703764e-05       3.441013522960e-02 
       6.610859936996e-05       4.297372172793e-02 
       8.322579568497e-05       5.366826852963e-02 
       1.047750691046e-04       6.702379872798e-02 
       1.319039970183e-04       8.370193441316e-02 
       1.660572937635e-04       1.045283355388e-01 
       2.090537469327e-04       1.305329134108e-01 
       2.631830744443e-04       1.629994506611e-01 
       3.313278603720e-04       2.035264004608e-01 
       4.171170630578e-04       2.541004744251e-01 
       5.251192703764e-04       3.171839528567e-01 
       6.610859936996e-04       3.958147256525e-01 
       8.322579568497e-04       4.937136006284e-01 
       1.047750691046e-03       6.153841636055e-01 
       1.319039970183e-03       7.661720592938e-01 
       1.660572937635e-03       9.522588016446e-01 
       2.090537469327e-03       1.180312991694e+00 
       2.631830744443e-03       1.456802684672e+00 
       3.313278603720e-03       1.786503854005e+00 
       4.171170630578e-03       2.169896193685e+00 
       5.251192703764e-03       2.599430630571e+00 
       6.610859936996e-03       3.055668701637e+00 
       8.322579568497e-03       3.505725598145e+00 
       1.047750691046e-02       3.905490151990e+00 
       1.319039970183e-02       4.200915301540e+00 
       1.660572937633e-02       4.325061426668e+00 
       2.090537453514e-02       4.210201972402e+00 
       2.631818545635e-02       3.825154764276e+00 
       3.311571692125e-02       3.229060123485e+00 
       4.113809243311e-02       2.627725116196e+00 
       4.792590854610e-02       2.280794872399e+00 
       5.284436902701e-02       2.110085311368e+00 
       5.689644391095e-02       2.003541961472e+00 
       6.051252627066e-02       1.923056688621e+00 
       6.388413457411e-02       1.852733800637e+00 
       6.711249296401e-02       1.784567512642e+00 
       7.025823437965e-02       1.714272914017e+00 
       7.336115587705e-02       1.639812536807e+00 
       7.644928796912e-02       1.560662772446e+00 
       7.954353299775e-02       1.477458352064e+00 
       8.266024078725e-02       1.391698379398e+00 
       8.581273398637e-02       1.305459094001e+00 
       8.901225918437e-02       1.221126645605e+00 
       9.226860540985e-02       1.141078591898e+00 
       9.559052048996e-02       1.067455535313e+00 
       9.898599946599e-02       1.001889624013e+00 
       1.024624891378e-01       9.453784424050e-01 
       1.060270359164e-01       8.981498556733e-01 
       1.096863943056e-01       8.596127965330e-01 
       1.134471073830e-01       8.284040325360e-01 
       1.173155669539e-01       8.024672338611e-01 
       1.212980586983e-01       7.792262242925e-01 
       1.254007961065e-01       7.559171816490e-01 
       1.296299459934e-01       7.299826583465e-01 
       1.339916477160e-01       6.995906323004e-01 
       1.384920277736e-01       6.640778669990e-01 
       1.431372111762e-01       6.241434560097e-01 
       1.479333307714e-01       5.817616492382e-01 
       1.528865355934e-01       5.396879049052e-01 
       1.580029992204e-01       5.008113063743e-01 
       1.632889290723e-01       4.673960164057e-01 
       1.687505775527e-01       4.405316464367e-01 
       1.743942559171e-01       4.198638463653e-01 
       1.802263517371e-01       4.036569284579e-01 
       1.862533508214e-01       3.893575477678e-01 
       1.924818644494e-01       3.741319294843e-01 
       1.989186627765e-01       3.557983515649e-01 
       2.055707152847e-01       3.339968388322e-01 
       2.124452391818e-01       3.102625958560e-01 
       2.195497567139e-01       2.871181182964e-01 
       2.268921624510e-01       2.668030959823e-01 
       2.344808017550e-01       2.504786828950e-01 
       2.423245618548e-01       2.378286698525e-01 
       2.504329772620e-01       2.271063046287e-01 
       2.588163516754e-01       2.161111221626e-01 
       2.674858990930e-01       2.035398926983e-01 
       2.764539076010e-01       1.895913908598e-01 
       2.857339303080e-01       1.757501218776e-01 
       2.953410092148e-01       1.636920546803e-01 
       3.052919395542e-01       1.538984468158e-01 
       3.156055844677e-01       1.455230150597e-01 
       3.263032530092e-01       1.372412481879e-01 
       3.374091587054e-01       1.282927808970e-01 
       3.489509817175e-01       1.191617262734e-01 
       3.609605657343e-01       1.107971160075e-01 
       3.734747921333e-01       1.036344842970e-01 
       3.865366902904e-01       9.713021728756e-02 
       4.001968667448e-01       9.060359253694e-02 
       4.145153713076e-01       8.402475441865e-02 
       4.295641718077e-01       7.787821539511e-02 
       4.454304922144e-01       7.232779041210e-02 
       4.622214006969e-01       6.707891159552e-02 
       4.800702491654e-01       6.187609895299e-02 
       4.991459272112e-01       5.690978908568e-02 
       5.196665217302e-01       5.229861710741e-02 
       5.419201087032e-01       4.781377016175e-02 
       5.662975451962e-01       4.346694836360e-02 
       5.933463737275e-01       3.930959482828e-02 
       6.238638458458e-01       3.523040298695e-02 
       6.590669257916e-01       3.123797471980e-02 
       7.009246080454e-01       2.726026383654e-02 
       7.528593308799e-01       2.324844066394e-02 
       8.213469537518e-01       1.911440680768e-02 
       9.196980813302e-01       1.477760904363e-02 
       1.075112183810e+00       1.030237762550e-02 
       1.322697471132e+00       6.316196113904e-03 
       1.662328205042e+00       3.622041771239e-03 
       2.092692408506e+00       2.016028681968e-03 
       2.634543445090e+00       1.071333445410e-03 
       3.316693691389e+00       5.179300688749e-04 
       4.175469971226e+00       2.018579290540e-04 
       5.256605252960e+00       4.310340781338e-05 
       6.617673932723e+00       2.330351426216e-08 
       8.331157880872e+00       2.517575968328e-05 
       1.048830636590e+01       3.873907117678e-05 
       1.320399541071e+01       7.634689389835e-06 
       1.662284535976e+01       4.647188698769e-06 
       2.092692243973e+01       3.992264442500e-06 
       2.634543445002e+01       1.958649697925e-06 
       3.316693691389e+01       6.639484293977e-08 
       4.175469971226e+01       1.085401487801e-09 
       5.256605252960e+01       1.717057559253e-08 
       6.617673932723e+01       1.001519470081e-08 
