# Matter power spectrum P(k) at redshift z=99
# for k=1.04775e-05 to 67.6233 h/Mpc,
# number of wavenumbers equal to 246
#    1:k (h/Mpc)              2:P (Mpc/h)^3        
       1.047750691046e-05       7.261927680889e-03 
       1.131335172503e-05       7.820331652462e-03 
       1.221587619537e-05       8.421675995485e-03 
       1.319039970183e-05       9.069258201883e-03 
       1.424266597921e-05       9.766638412170e-03 
       1.537887696968e-05       1.051764070805e-02 
       1.660572937635e-05       1.132639106730e-02 
       1.793045413292e-05       1.219733232720e-02 
       1.936085902198e-05       1.313524225784e-02 
       2.090537469327e-05       1.414527123405e-02 
       2.257310435294e-05       1.523296273829e-02 
       2.437387741694e-05       1.640429446294e-02 
       2.631830744443e-05       1.766569584065e-02 
       2.841785469300e-05       1.902408737012e-02 
       3.068489366414e-05       2.048692972780e-02 
       3.313278603720e-05       2.206225515951e-02 
       3.577595942169e-05       2.375870707447e-02 
       3.862999239199e-05       2.558560730212e-02 
       4.171170630578e-05       2.755297766287e-02 
       4.503926444729e-05       2.967161930485e-02 
       4.863227907969e-05       3.195316454245e-02 
       5.251192703764e-05       3.441013522960e-02 
       5.670107454120e-05       3.705601726483e-02 
       6.122441196689e-05       3.990533417811e-02 
       6.610859936996e-05       4.297372172794e-02 
       7.138242361596e-05       4.627802146632e-02 
       7.707696804727e-05       4.983636199483e-02 
       8.322579568497e-05       5.366826852965e-02 
       8.986514704559e-05       5.779476400743e-02 
       9.703415373875e-05       6.223848250534e-02 
       1.047750691046e-04       6.702379872800e-02 
       1.131335172503e-04       7.217695161091e-02 
       1.221587619537e-04       7.772619081878e-02 
       1.319039970183e-04       8.370193441317e-02 
       1.424266597921e-04       9.013692517176e-02 
       1.537887696968e-04       9.706641252939e-02 
       1.660572937635e-04       1.045283355388e-01 
       1.793045413292e-04       1.125635350271e-01 
       1.936085902198e-04       1.212159616263e-01 
       2.090537469327e-04       1.305329134109e-01 
       2.257310435294e-04       1.405652847716e-01 
       2.437387741694e-04       1.513678304157e-01 
       2.631830744443e-04       1.629994506611e-01 
       2.841785469300e-04       1.755234923099e-01 
       3.068489366414e-04       1.890080672432e-01 
       3.313278603720e-04       2.035264004609e-01 
       3.577595942169e-04       2.191571806021e-01 
       3.862999239199e-04       2.359849440112e-01 
       4.171170630578e-04       2.541004744252e-01 
       4.503926444729e-04       2.736012083199e-01 
       4.863227907969e-04       2.945916794110e-01 
       5.251192703764e-04       3.171839528568e-01 
       5.670107454121e-04       3.414980767646e-01 
       6.122441196689e-04       3.676625417023e-01 
       6.610859936996e-04       3.958147256526e-01 
       7.138242361596e-04       4.261013289370e-01 
       7.707696804727e-04       4.586787797365e-01 
       8.322579568497e-04       4.937136006320e-01 
       8.986514704559e-04       5.313826807062e-01 
       9.703415373875e-04       5.718734978247e-01 
       1.047750691046e-03       6.153841636056e-01 
       1.131335172503e-03       6.621233246507e-01 
       1.221587619537e-03       7.123098227990e-01 
       1.319039970183e-03       7.661720592846e-01 
       1.424266597921e-03       8.239546306469e-01 
       1.537887696968e-03       8.859011182849e-01 
       1.660572937635e-03       9.522588016429e-01 
       1.793045413292e-03       1.023280100900e+00 
       1.936085902198e-03       1.099216305737e+00 
       2.090537469327e-03       1.180312991693e+00 
       2.257310435294e-03       1.266804117178e+00 
       2.437387741694e-03       1.358904854823e+00 
       2.631830744443e-03       1.456802684671e+00 
       2.841785469300e-03       1.560646892136e+00 
       3.068489366414e-03       1.670536064217e+00 
       3.313278603720e-03       1.786503854001e+00 
       3.577595942169e-03       1.908502932723e+00 
       3.862999239199e-03       2.036387732755e+00 
       4.171170630578e-03       2.169896193362e+00 
       4.503926444729e-03       2.308631881259e+00 
       4.863227907969e-03       2.452047293332e+00 
       5.251192703764e-03       2.599430630560e+00 
       5.670107454120e-03       2.749896934374e+00 
       6.122441196689e-03       2.902386516014e+00 
       6.610859936996e-03       3.055668694901e+00 
       7.138242361596e-03       3.208356464253e+00 
       7.707696804727e-03       3.358923895132e+00 
       8.322579568496e-03       3.505725597699e+00 
       8.986514704559e-03       3.647009707314e+00 
       9.703415373875e-03       3.780923306802e+00 
       1.047750691046e-02       3.905490707883e+00 
       1.131335172503e-02       4.018588049530e+00 
       1.221587619537e-02       4.117901594121e+00 
       1.319039970183e-02       4.200915453942e+00 
       1.424266597920e-02       4.264943983157e+00 
       1.537887696964e-02       4.307216699802e+00 
       1.660572937560e-02       4.325058838355e+00 
       1.793045412207e-02       4.316057923388e+00 
       1.936085889642e-02       4.278229235435e+00 
       2.090537351881e-02       4.210200850567e+00 
       2.257309534705e-02       4.111420479152e+00 
       2.437382002240e-02       3.982418606679e+00 
       2.631799943729e-02       3.825169264591e+00 
       2.841644544598e-02       3.643286581410e+00 
       3.067933354524e-02       3.442195747158e+00 
       3.311368469821e-02       3.229227005377e+00 
       3.571840442514e-02       3.013521872293e+00 
       3.847720347390e-02       2.805284557802e+00 
       4.135335537314e-02       2.614414652158e+00 
       4.429361666563e-02       2.448132689209e+00 
       4.724366437916e-02       2.309235275167e+00 
       5.016480834039e-02       2.196114864683e+00 
       5.303989618930e-02       2.104366406234e+00 
       5.586870668205e-02       2.028462581938e+00 
       5.866042679206e-02       1.963152007975e+00 
       6.142798931504e-02       1.903781351177e+00 
       6.418496438662e-02       1.846479599477e+00 
       6.694418832236e-02       1.788197310532e+00 
       6.971731104453e-02       1.726715356263e+00 
       7.251476154108e-02       1.660650084284e+00 
       7.534587669814e-02       1.589470127133e+00 
       7.821907664495e-02       1.513432402710e+00 
       8.114203771084e-02       1.433568904092e+00 
       8.412184533139e-02       1.351489491664e+00 
       8.716512277352e-02       1.269274428613e+00 
       9.027813693913e-02       1.189194189968e+00 
       9.346688429613e-02       1.113499751446e+00 
       9.673716026122e-02       1.044176567921e+00 
       1.000946150608e-01       9.827057213315e-01 
       1.035447986307e-01       9.299390246969e-01 
       1.070931966524e-01       8.859581305227e-01 
       1.107452594180e-01       8.500715936204e-01 
       1.145064248899e-01       8.208027764658e-01 
       1.183821370656e-01       7.960262339983e-01 
       1.223778605591e-01       7.731467882623e-01 
       1.264990921707e-01       7.494524091106e-01 
       1.307513701078e-01       7.225575153135e-01 
       1.351402814485e-01       6.909098079554e-01 
       1.396714683894e-01       6.541818541204e-01 
       1.443506337875e-01       6.134280286524e-01 
       1.491835464900e-01       5.708699224525e-01 
       1.541760469368e-01       5.293637726537e-01 
       1.593340535209e-01       4.917110861268e-01 
       1.646635701934e-01       4.599197545571e-01 
       1.701706958081e-01       4.347279424633e-01 
       1.758616357070e-01       4.154071465465e-01 
       1.817427160581e-01       3.999366843926e-01 
       1.878204014651e-01       3.856855247201e-01 
       1.941013163855e-01       3.698143271356e-01 
       2.005922709060e-01       3.505512232166e-01 
       2.073002914514e-01       3.280458973524e-01 
       2.142326570343e-01       3.042132500630e-01 
       2.213969417044e-01       2.816106470248e-01 
       2.288010639201e-01       2.622567985327e-01 
       2.364533436625e-01       2.469602787664e-01 
       2.443625682390e-01       2.350128429651e-01 
       2.525380678946e-01       2.244201090353e-01 
       2.609898025770e-01       2.130959361917e-01 
       2.697284614969e-01       2.001026201246e-01 
       2.787655775073e-01       1.860199395419e-01 
       2.881136588192e-01       1.725164232668e-01 
       2.977863412019e-01       1.610659567318e-01 
       3.077985646248e-01       1.517604193627e-01 
       3.181667793367e-01       1.435593190091e-01 
       3.289091877084e-01       1.351813881905e-01 
       3.400460298905e-01       1.261639016502e-01 
       3.515999235695e-01       1.172017277375e-01 
       3.635962710278e-01       1.091763374102e-01 
       3.760637505499e-01       1.023089471837e-01 
       3.890349143014e-01       9.593738221506e-02 
       4.025469215929e-01       8.950735124262e-02 
       4.166424455447e-01       8.311145345948e-02 
       4.313708034899e-01       7.721510971065e-02 
       4.467893781976e-01       7.190037892945e-02 
       4.629654198623e-01       6.686864451400e-02 
       4.799783500912e-01       6.191736480628e-02 
       4.979227318246e-01       5.722195321885e-02 
       5.169121269689e-01       5.290266692588e-02 
       5.370841403262e-01       4.876947242110e-02 
       5.586070463286e-01       4.479054336504e-02 
       5.816885093582e-01       4.105159311720e-02 
       6.065870143577e-01       3.748964370582e-02 
       6.336266466978e-01       3.407599023928e-02 
       6.632156057925e-01       3.083425816212e-02 
       6.958678637575e-01       2.772810104155e-02 
       7.322247983784e-01       2.476677752644e-02 
       7.730680193171e-01       2.193929314223e-02 
       8.193049551574e-01       1.925577778425e-02 
       8.718988013754e-01       1.672893543844e-02 
       9.317218028590e-01       1.438388497317e-02 
       9.993660906273e-01       1.225031692106e-02 
       1.075037109879e+00       1.035227740513e-02 
       1.158653485387e+00       8.699383922209e-03 
       1.250099156961e+00       7.284271452234e-03 
       1.349432400897e+00       6.085135998313e-03 
       1.456947456991e+00       5.075388566450e-03 
       1.573135110893e+00       4.227973115334e-03 
       1.698621895119e+00       3.518218291920e-03 
       1.834127512423e+00       2.924650972510e-03 
       1.980444933977e+00       2.428842396881e-03 
       2.138435191130e+00       2.015181301278e-03 
       2.309029198543e+00       1.670454551765e-03 
       2.493232376993e+00       1.383471938952e-03 
       2.692130394536e+00       1.144814388273e-03 
       2.906895533764e+00       9.465440544829e-04 
       3.138793596840e+00       7.819798514479e-04 
       3.389191365541e+00       6.455144710836e-04 
       3.659564656886e+00       5.324650340110e-04 
       3.951507021438e+00       4.388853132005e-04 
       4.266739135513e+00       3.614946812058e-04 
       4.607118942658e+00       2.975398305498e-04 
       4.974652604172e+00       2.447277891862e-04 
       5.371506323193e+00       2.011535361889e-04 
       5.800019112071e+00       1.652302434043e-04 
       6.262716578240e+00       1.356331018225e-04 
       6.762325809881e+00       1.112643092856e-04 
       7.301791449077e+00       9.121582656176e-05 
       7.884293047211e+00       7.473169634611e-05 
       8.513263804891e+00       6.118707345765e-05 
       9.192410806865e+00       5.006491599211e-05 
       9.925736871166e+00       4.093738982358e-05 
       1.071756414128e+01       3.345110061233e-05 
       1.157255956041e+01       2.731494004123e-05 
       1.249576237789e+01       2.228817388000e-05 
       1.349261385000e+01       1.817267190207e-05 
       1.456898931011e+01       1.480510548286e-05 
       1.573123279727e+01       1.205111469572e-05 
       1.698619444729e+01       9.800116608978e-06 
       1.834127086665e+01       7.961398617356e-06 
       1.980444872733e+01       6.460363064193e-06 
       2.138435183937e+01       5.235685932456e-06 
       2.309029197863e+01       4.237084630899e-06 
       2.493232376942e+01       3.423412631084e-06 
       2.692130394533e+01       2.760898171794e-06 
       2.906895533764e+01       2.221865942384e-06 
       3.138793596840e+01       1.783665305707e-06 
       3.389191365541e+01       1.427816401819e-06 
       3.659564656886e+01       1.139147855844e-06 
       3.951507021438e+01       9.052749021885e-07 
       4.266739135513e+01       7.160834033794e-07 
       4.607118942658e+01       5.633415036273e-07 
       4.974652604172e+01       4.403035625295e-07 
       5.371506323193e+01       3.414699876358e-07 
       5.800019112071e+01       2.623711222167e-07 
       6.262716578240e+01       1.993446512977e-07 
       6.762325809881e+01       1.494186191787e-07 
